1.492368924967476973e+00
1.499014664147023668e+00
1.541475338844802367e+00
1.505001635032482854e+00
1.551438667922636627e+00
1.517472449034284354e+00
1.563757528202853964e+00
1.531443281937581391e+00
1.498183930265509334e+00
1.509512187796841376e+00
1.527143387707338151e+00
1.503695260206510342e+00
1.492151657632374340e+00
1.516399989446879149e+00
1.470728357206821046e+00
1.515426140119200626e+00
1.514542935515988065e+00
1.526333267861756271e+00
1.480088965143051327e+00
1.504582378049034164e+00
1.508327059008107485e+00
1.504507466837549545e+00
1.531348226127005718e+00
1.475578431996095619e+00
1.487168073825754222e+00
1.474839502352677245e+00
1.499425357405965942e+00
1.452034083587190993e+00
1.480760657487647736e+00
1.482526560421033368e+00
1.484374821833836622e+00
1.463979137885712989e+00
1.452229529461800839e+00
1.468731138628297517e+00
1.487783830853470990e+00
1.542613818315030416e+00
1.504048674338091418e+00
1.497602908561714630e+00
1.484380820983969729e+00
1.421528651005698807e+00
1.477673094030547363e+00
1.457844299487218054e+00
1.443049721495737403e+00
1.437277443125777099e+00
1.420712692794507293e+00
1.478649409738449494e+00
1.497551617190805873e+00
1.479352598428957721e+00
1.489460930977711373e+00
1.468183311937918178e+00
1.475119270678587613e+00
1.474948462031375529e+00
1.452325933379652101e+00
1.460355982204331271e+00
1.546219054527722792e+00
1.518681132562119673e+00
1.519865373453055613e+00
1.501077431542211515e+00
1.494927123381839751e+00
1.495373510526105010e+00
1.497695391124407083e+00
1.489768622923603347e+00
1.468473410425088277e+00
1.494368465866768192e+00
1.495014415414769759e+00
1.496435837044527206e+00
1.508324472267415617e+00
1.553189431987445746e+00
1.475365506045460906e+00
1.454992715895824462e+00
1.473189227363048248e+00
1.512521772115247076e+00
1.520840863265118914e+00
1.502460437232469248e+00
1.502364857718075486e+00
1.498473303962183367e+00
1.513451931961651953e+00
1.559533242222824301e+00
1.512786914028663832e+00
1.500021225714047945e+00
1.498387823388225515e+00
1.485860987453475390e+00
1.491540793128249165e+00
1.483988565793152192e+00
1.478299733187367737e+00
1.476458609094703833e+00
1.455260054704124117e+00
1.459456051444530944e+00
1.440900968053395959e+00
1.482527994496590340e+00
1.468050496202463195e+00
1.448270609658718344e+00
1.435159130702399866e+00
1.467641896262319223e+00
1.424765562148832432e+00
1.429134338223986278e+00
1.457982041529601647e+00
1.473832684819851524e+00
1.478196540230994005e+00
1.461817019536522766e+00
1.466359312588122465e+00
1.506494157850579940e+00
1.386492349233816812e+00
1.442552525679827058e+00
1.405798813325529695e+00
1.488772585485915956e+00
1.482559716348302858e+00
1.487447092296375617e+00
1.468582649215503411e+00
1.469337369851826169e+00
1.468032436617815906e+00
1.511949041164851737e+00
1.472450886969992156e+00
1.493882261877968576e+00
1.534329229421641516e+00
1.476731087584764568e+00
1.471513521303916550e+00
1.420463373839678356e+00
1.478113073484093265e+00
1.442635558486242475e+00
1.426709117669571869e+00
1.549115131796964251e+00
1.539497338907805046e+00
1.560242791114274441e+00
1.595983543838881191e+00
1.550684484846951650e+00
1.531120462143247041e+00
1.546503265153714723e+00
1.533939986603710226e+00
1.543740963399583110e+00
1.525075800372005519e+00
1.557258032954419891e+00
1.536528997904779148e+00
1.518198369885565002e+00
1.506888342971533179e+00
1.471241552968405530e+00
1.451141654348004240e+00
1.497134911327660634e+00
1.476818871338975159e+00
1.474984933446802815e+00
1.481292456385600476e+00
1.479753378275671993e+00
1.479004979380531326e+00
1.468193281902029357e+00
1.443625635900599891e+00
1.471802200709786179e+00
1.473872256201258724e+00
1.493819708311545869e+00
1.468447916937546838e+00
1.455732238456247218e+00
1.495660544824841454e+00
1.480568741951328038e+00
1.518592467297350312e+00
1.485077691418678514e+00
1.457451801255584600e+00
1.460601771729782117e+00
1.530836969016985849e+00
1.510684614330682907e+00
1.501243361622610850e+00
1.474792017994002835e+00
1.502164696068814864e+00
1.501342237326992235e+00
1.503796341684418225e+00
1.487755105291623581e+00
1.505460713851659138e+00
1.484370630028576388e+00
1.451054602852775988e+00
1.477950720643176341e+00
1.464746456015345588e+00
1.468892743033035631e+00
1.469844071679259345e+00
1.496446651398057215e+00
1.501340161084568026e+00
1.501411635463950178e+00
1.502581942013987204e+00
1.507036844244877161e+00
1.514611682131002057e+00
1.559276872837228156e+00
1.513146013449199190e+00
1.473498933187696425e+00
1.451807267739380736e+00
1.489131345230928050e+00
1.480308213179936105e+00
1.475131093155423345e+00
1.477397655444901092e+00
1.524218782434585195e+00
1.484775325195412110e+00
1.554371855533401403e+00
1.442441590302093291e+00
1.469787149147007144e+00
1.495149643463887346e+00
1.512123974507841639e+00
1.504623609245596016e+00
1.486170973828462083e+00
1.508904743604884802e+00
1.468138177229915131e+00
1.497010583383880489e+00
1.467439939170572361e+00
1.492102974662754322e+00
1.461445437169343053e+00
1.472971026881748857e+00
1.401263116183028901e+00
1.453477941748628099e+00
1.467885548360382986e+00
1.469132547166762892e+00
1.470017164474197502e+00
1.510184365796161332e+00
1.491885840004852470e+00
1.468261637729466829e+00
1.418713025054924914e+00
1.456790424511536175e+00
1.465061844155312487e+00
1.443680537414107734e+00
1.522632621131078112e+00
1.524980432501547911e+00
1.505577903530377570e+00
1.498562299221388061e+00
1.496273868559112374e+00
1.471337670145897336e+00
1.508637577996265522e+00
1.499329045663910565e+00
1.495760952297471080e+00
1.538214804241261335e+00
1.518304626314656902e+00
1.551500937717262163e+00
1.498183588413778411e+00
1.494165887146818195e+00
1.504100440104406688e+00
1.492943429231002428e+00
1.501981303609395413e+00
1.494888355199248453e+00
1.494185911873853856e+00
1.516261911924229766e+00
1.494012057170533980e+00
1.486521151367964366e+00
