3.485209671198592929e+00
3.485240606343281033e+00
3.485406060641646597e+00
3.485278151667453361e+00
3.485311607335376038e+00
3.485392002075720530e+00
3.485173502173879445e+00
3.485017513719944837e+00
3.485127367763167339e+00
3.485150868243017452e+00
3.485057166482910862e+00
3.485124648105863088e+00
3.485029577216236518e+00
3.485263390652726834e+00
3.484958453030578163e+00
3.484985487439375973e+00
3.485250757689617007e+00
3.485236192541869116e+00
3.485236331510152663e+00
3.485313384016936133e+00
3.485313681945782172e+00
3.485445863199821748e+00
3.485267512697292513e+00
3.485252631224920350e+00
3.485312491967407666e+00
3.485251966686103042e+00
3.485362289280192094e+00
3.485230686406214140e+00
3.485294693540478494e+00
3.485262913932097639e+00
3.485325379839157911e+00
3.485212580483067590e+00
3.485237439094803769e+00
3.485183144521156073e+00
3.485238516149284926e+00
3.485376145930751957e+00
3.485218578136783041e+00
3.485242529766766850e+00
3.485194165684564194e+00
3.485290338551992662e+00
3.485346515338039630e+00
3.485214304297675980e+00
3.485228448644893451e+00
3.485161116896728917e+00
3.485125944796836350e+00
3.485002124406018531e+00
3.485093401762358045e+00
3.484884298019491844e+00
3.484455719989636435e+00
3.484371135665206065e+00
3.484383680541694783e+00
3.484369866957761630e+00
3.484609692770161082e+00
3.484611170067992258e+00
3.484843542456028231e+00
3.484733302232857266e+00
3.484682747811976622e+00
3.484632120011940337e+00
3.484495112878530421e+00
3.484413685559755169e+00
3.484386266487963457e+00
3.484424333073242064e+00
3.484314973537420368e+00
3.484365959321987560e+00
3.484254280268158421e+00
3.484420380852738308e+00
3.484173198653805592e+00
3.484121414682128659e+00
3.484421929147408115e+00
3.484427480456467219e+00
3.484417894044224973e+00
3.484481657356079065e+00
3.484505472771266099e+00
3.484678672801404087e+00
3.484519438299382266e+00
3.484451195882829921e+00
3.484449930960349828e+00
3.484398570084161761e+00
3.484496558632178775e+00
3.484414455042717407e+00
3.484507927796388405e+00
3.484470362900119245e+00
3.484527535283599153e+00
3.484365024223010643e+00
3.484416129737796464e+00
3.484408568503297055e+00
3.484581124778551420e+00
3.484777959302689965e+00
3.484674447585553114e+00
3.484618571858405733e+00
3.484573848540039265e+00
3.484677565464207039e+00
3.484789047134548401e+00
3.484734734530500422e+00
3.484714069145359971e+00
3.484696861503210563e+00
3.484741082138349988e+00
3.484658174520729901e+00
3.484760783597648626e+00
3.484580231846621690e+00
3.484227273942178460e+00
3.484153229470572377e+00
3.484155315198868230e+00
3.484119120315980922e+00
3.484320460045972290e+00
3.484292334320878481e+00
3.484376466996914612e+00
3.484279038013862184e+00
3.484330389233164738e+00
3.484359597060232794e+00
3.484186923713891382e+00
3.484039283302057033e+00
3.484050675935565167e+00
3.484105666866472717e+00
3.484030471047176558e+00
3.484098545980475414e+00
3.484021936286877619e+00
3.484333295412619158e+00
3.484052696907594893e+00
3.484062818612779111e+00
3.484331748719684541e+00
3.484312259798426847e+00
3.484311038262176474e+00
3.484391071928299777e+00
3.484423187872195626e+00
3.484640123392330757e+00
3.484496551034377276e+00
3.484428226587971800e+00
3.484462176994173710e+00
3.484381676186600441e+00
3.484467760486319232e+00
3.484321663638370481e+00
3.484338151830191688e+00
3.484240333917542287e+00
3.484309023213005396e+00
3.484176783038408054e+00
3.484166306625948284e+00
3.484118234254792501e+00
3.484267667215065867e+00
3.484487939585918959e+00
3.484347875681285345e+00
3.484387794931755877e+00
3.484383971346805886e+00
3.488390172905445397e+00
3.488315711619051740e+00
3.488489081526833679e+00
3.488361204352817602e+00
3.488400344342228010e+00
3.488469374718102145e+00
3.488249670543565273e+00
3.488090121639310759e+00
3.488196002703122911e+00
3.488208481768944047e+00
3.488127039216246672e+00
3.488191381250616452e+00
3.488077126439588671e+00
3.488319507678264042e+00
3.488028592843481768e+00
3.488039786605432901e+00
3.488334844917878819e+00
3.488315459388341644e+00
3.488314570379428492e+00
3.488384179329235835e+00
3.488409727248872549e+00
3.488530545711343578e+00
3.488339223081632134e+00
3.488329474549127340e+00
3.488402903799657562e+00
3.488319251300035617e+00
3.488440039195300990e+00
3.488284447160345358e+00
3.488370040982364806e+00
3.488326219702103437e+00
3.488380228597978139e+00
3.488290613070194723e+00
3.488275859617473884e+00
3.488250347868586232e+00
3.488295749224290088e+00
3.488427435349475303e+00
3.488276473555181223e+00
3.488307085715591782e+00
3.488250098985934855e+00
3.488354767436560255e+00
3.488407714891532230e+00
3.488274500358837571e+00
3.488292610658419335e+00
3.488235485650644563e+00
3.488196755586980835e+00
3.488052675246982037e+00
3.488147289797777439e+00
3.487945238331142228e+00
3.487502716742345132e+00
3.487423677870693517e+00
3.487443619485958379e+00
3.487433133936623797e+00
3.487774424971118670e+00
3.487664863104411150e+00
3.487922194469948334e+00
3.487801944694978840e+00
3.487753046822199554e+00
3.487699139568643414e+00
3.487561972867459392e+00
3.487477016651138406e+00
3.487449543235098925e+00
3.487495624043312148e+00
3.487384654776854997e+00
3.487431032430957867e+00
3.487306645912072511e+00
3.487483619718499739e+00
3.487260542724354373e+00
3.487195990359066577e+00
3.487512731845309411e+00
3.487517676573423930e+00
3.487499908317123865e+00
3.487561156752587266e+00
3.487615682196149258e+00
3.487802199714532758e+00
3.487636330147609875e+00
3.487570403772632499e+00
3.487583391885199724e+00
3.487519111567682906e+00
3.487617628524299018e+00
3.487509147778124596e+00
3.487620240248461290e+00
3.487582553542253105e+00
3.487633883218079767e+00
3.487496205557781614e+00
3.487496267843343656e+00
3.487517284205055912e+00
3.487690793924938859e+00
3.487917388930355855e+00
3.487820279467348517e+00
3.487774869414961287e+00
3.487723792503866882e+00
3.487830461667400517e+00
3.487932994795550190e+00
3.487878596125854269e+00
3.487850426089260658e+00
3.487852190130839247e+00
3.487887921459174034e+00
3.487794058683670873e+00
3.487901159776015003e+00
3.487728024889066525e+00
3.487342803452545326e+00
3.487267787662777785e+00
3.487279012842629200e+00
3.487233054144268429e+00
3.487559769247156716e+00
3.487418352913994823e+00
3.487509330116549844e+00
3.487408264355415621e+00
3.487461982013366324e+00
3.487486031280606191e+00
3.487313960480966202e+00
3.487159525284832640e+00
3.487185826619819906e+00
3.487226486458765429e+00
3.487158308484755054e+00
3.487229379623224101e+00
3.487141214782504495e+00
3.487470130263812251e+00
3.487199690555142784e+00
3.487198323545274370e+00
3.487487132871852413e+00
3.487458620439339629e+00
3.487448129778047967e+00
3.487529897638053100e+00
3.487592594192987505e+00
3.487784428206015974e+00
3.487641859601345651e+00
3.487580238130143950e+00
3.487617365249261692e+00
3.487529327764367082e+00
3.487624483545777032e+00
3.487453134470672733e+00
3.487475554406053835e+00
3.487363292632879919e+00
3.487441838006942518e+00
3.487340471825732813e+00
3.487280184883591261e+00
3.487258255271540985e+00
3.487423939186085953e+00
3.487629234070544371e+00
3.487482162916995421e+00
3.487538007835381038e+00
3.487536803992000944e+00
3.483769544890765513e+00
3.483694775248403985e+00
3.483904966687854099e+00
3.483753028568648880e+00
3.483792884369707910e+00
3.483846944353551134e+00
3.483687395602870218e+00
3.483488053842106247e+00
3.483614729084630213e+00
3.483689296799982849e+00
3.483620490369697009e+00
3.483672464096715604e+00
3.483547972127108761e+00
3.483758465492724277e+00
3.483523554453618942e+00
3.483517268388188093e+00
3.483756783843330318e+00
3.483755514802952646e+00
3.483763249737155565e+00
3.483870536521630701e+00
3.483839295843377037e+00
3.484017801462517827e+00
3.483869680726893403e+00
3.483851730172716543e+00
3.483900135668049014e+00
3.483837488451583475e+00
3.483912113616024264e+00
3.483785626719269057e+00
3.483838653063869195e+00
3.483813152507487576e+00
3.483886788724431138e+00
3.483792268028795380e+00
3.483742073351378643e+00
3.483689914816230804e+00
3.483825704229555509e+00
3.484003710580950930e+00
3.483817564639710707e+00
3.483850119390810018e+00
3.483762147980770330e+00
3.483863532043758315e+00
3.483940182257723173e+00
3.483817355116659797e+00
3.483800358533258201e+00
3.483799770883797553e+00
3.483752312703324083e+00
3.483634165803161320e+00
3.483712297556434301e+00
3.483488623590775379e+00
3.483141452017535666e+00
3.483072564616727984e+00
3.483067375964844725e+00
3.483059460078919312e+00
3.483324392569003169e+00
3.483281478909907136e+00
3.483498479352519883e+00
3.483343037190563152e+00
3.483289955186855913e+00
3.483287306898372293e+00
3.483113916005868838e+00
3.483029197067236016e+00
3.483067177077608267e+00
3.483121128365207042e+00
3.483005731173181019e+00
3.483057216649154242e+00
3.482925344511703880e+00
3.483102846883155301e+00
3.482881263854575415e+00
3.482835543563489900e+00
3.483110815285693551e+00
3.483133023891199720e+00
3.483120549056756943e+00
3.483224212288059007e+00
3.483221369928563238e+00
3.483460207868136926e+00
3.483285317374245516e+00
3.483215539701543406e+00
3.483221548664126477e+00
3.483165915405368906e+00
3.483261340103831483e+00
3.483167159242185562e+00
3.483236874542843697e+00
3.483214548926901077e+00
3.483240195489237578e+00
3.483125203999886121e+00
3.483132407139071685e+00
3.483137019451462812e+00
3.483286480175438182e+00
3.483525552647844137e+00
3.483407903478747070e+00
3.483397155547412360e+00
3.483288264596652972e+00
3.483398073870368261e+00
3.483495426425559760e+00
3.483420983250955061e+00
3.483411527570158039e+00
3.483387782969801005e+00
3.483402760850933699e+00
3.483299770619864510e+00
3.483414170681875976e+00
3.483242528025299212e+00
3.482881031940658012e+00
3.482780346056129961e+00
3.482782995176866514e+00
3.482747593019086096e+00
3.482996740751366893e+00
3.482907213499245813e+00
3.483033294090311927e+00
3.482894568398906099e+00
3.482960417158475153e+00
3.483005304210904818e+00
3.482850956490649352e+00
3.482696589246413232e+00
3.482730148059071773e+00
3.482789370808353269e+00
3.482729825737446383e+00
3.482788197512189932e+00
3.482736630745757900e+00
3.483006338869401919e+00
3.482730757749920247e+00
3.482724897833408662e+00
3.483003496765848972e+00
3.482993201249050763e+00
3.482977401965280606e+00
3.483095307540605479e+00
3.483098128349856992e+00
3.483304197450073580e+00
3.483152844857001273e+00
3.483099789461390206e+00
3.483130210727842790e+00
3.483045958284752608e+00
3.483138646466135135e+00
3.482981994866825026e+00
3.482973256936750861e+00
3.482889606627664669e+00
3.482920839019330472e+00
3.482830143764496622e+00
3.482768838097582975e+00
3.482753426025066545e+00
3.482876796043779422e+00
3.483057454238876804e+00
3.482921503005613761e+00
3.482974950805060477e+00
3.482953591039962937e+00
3.487504319005923392e+00
3.487543546102569891e+00
3.487730811697813849e+00
3.487574674922986340e+00
3.487626543293419701e+00
3.487686695367429923e+00
3.487486408950984718e+00
3.487321562058840918e+00
3.487426981925823899e+00
3.487431766587483217e+00
3.487333611812625911e+00
3.487402006866703097e+00
3.487313219776545292e+00
3.487529492735200520e+00
3.487253289262017830e+00
3.487258736057460506e+00
3.487537378308932290e+00
3.487519917967516037e+00
3.487530167065373110e+00
3.487601521603915344e+00
3.487592226165776133e+00
3.487736854035401457e+00
3.487545787420316845e+00
3.487552700404798145e+00
3.487613763701141956e+00
3.487545154789495783e+00
3.487667594623241385e+00
3.487509139884918952e+00
3.487598345981394843e+00
3.487555925974990867e+00
3.487625702833722752e+00
3.487530626630705122e+00
3.487515244827601446e+00
3.487465485135415211e+00
3.487528213962712176e+00
3.487683243114537923e+00
3.487523287086424784e+00
3.487545540692374768e+00
3.487504450983885729e+00
3.487613010266700009e+00
3.487658169949866771e+00
3.487514447575661869e+00
3.487540493940872288e+00
3.487478160147802875e+00
3.487430447209034945e+00
3.487314095187941110e+00
3.487401232255014971e+00
3.487181535014920453e+00
3.486744271530535233e+00
3.486684452455695027e+00
3.486694605099420752e+00
3.486678009280327117e+00
3.486909143606616190e+00
3.486922213433981899e+00
3.487166320526835062e+00
3.487031904364233270e+00
3.486992227070029315e+00
3.486945115026442110e+00
3.486814353597686100e+00
3.486716550130647629e+00
3.486701160027531721e+00
3.486728705376354043e+00
3.486616482743842838e+00
3.486666010582640141e+00
3.486559648977974213e+00
3.486699253532424159e+00
3.486487268940401840e+00
3.486434928708265879e+00
3.486742459064633426e+00
3.486734194052388602e+00
3.486724323360850697e+00
3.486786326682052906e+00
3.486805850133427143e+00
3.487003714189972570e+00
3.486832149126265268e+00
3.486775683187605335e+00
3.486784107513886344e+00
3.486733807521940065e+00
3.486828435846007324e+00
3.486717345415070390e+00
3.486830434184426508e+00
3.486795524472092289e+00
3.486863734686155958e+00
3.486726361039401034e+00
3.486742625309660060e+00
3.486747675727005280e+00
3.486912158341401113e+00
3.487154854378958113e+00
3.487023794267427146e+00
3.486992438545036155e+00
3.486948376891133350e+00
3.487065460958880703e+00
3.487154221371435270e+00
3.487090105475257662e+00
3.487087348964443834e+00
3.487066047790312595e+00
3.487090697757625257e+00
3.487022743587620432e+00
3.487119192012432034e+00
3.486940422755879787e+00
3.486565521955349745e+00
3.486492335317536995e+00
3.486501849766237893e+00
3.486460272873455946e+00
3.486670511835520792e+00
3.486631846441372140e+00
3.486744714585768179e+00
3.486625270156948009e+00
3.486672233356033601e+00
3.486689516776045217e+00
3.486526394513716820e+00
3.486367395282001347e+00
3.486398283190210279e+00
3.486444887188599129e+00
3.486374008681457415e+00
3.486441940726313415e+00
3.486372358465785748e+00
3.486658361344685098e+00
3.486396587283699500e+00
3.486398462920690999e+00
3.486684872721735218e+00
3.486666157543198086e+00
3.486662211977582082e+00
3.486745967060159934e+00
3.486768511908992174e+00
3.486987622477144999e+00
3.486828890777302181e+00
3.486789519563364248e+00
3.486816111397541995e+00
3.486740559681697604e+00
3.486831692784357006e+00
3.486659443619780419e+00
3.486700428220634418e+00
3.486587331307352322e+00
3.486669050336814735e+00
3.486555247393672730e+00
3.486502372032757258e+00
3.486474750583582249e+00
3.486618946152539866e+00
3.486848614578754280e+00
3.486704785097305859e+00
3.486742593232951659e+00
3.486754050965963803e+00
3.484009822571513038e+00
3.484027415116035087e+00
3.484209619797844937e+00
3.484063307348420846e+00
3.484131349400609423e+00
3.484173023931567137e+00
3.483965433654138799e+00
3.483818628600953815e+00
3.483896727918379899e+00
3.483902539518661357e+00
3.483836041193479893e+00
3.483888936483388932e+00
3.483795672623896333e+00
3.483986365279129416e+00
3.483696186320718091e+00
3.483733115264465940e+00
3.484019621273509060e+00
3.484020401669885025e+00
3.484034050483417300e+00
3.484092346854369637e+00
3.484082477081962725e+00
3.484219562670396009e+00
3.484012791586544644e+00
3.484021774497028545e+00
3.484130967304809090e+00
3.484008426380407641e+00
3.484076934886063182e+00
3.483985488514771856e+00
3.484049534481709287e+00
3.483993657531562427e+00
3.484056234338529734e+00
3.483996357078668726e+00
3.483958150924234332e+00
3.483925348878944561e+00
3.484006697516376594e+00
3.484137358383484262e+00
3.483973357819866834e+00
3.483993373643572866e+00
3.483922764922406934e+00
3.484061208713630897e+00
3.484088457125456006e+00
3.483961883834481910e+00
3.483945494676388144e+00
3.483897295880780565e+00
3.483883173648268716e+00
3.483746964280455050e+00
3.483841689739336278e+00
3.483623964922312410e+00
3.483175471395275835e+00
3.483145648995516819e+00
3.483155232993874417e+00
3.483169468660331169e+00
3.483331330076894883e+00
3.483348909568289464e+00
3.483585498826626825e+00
3.483470345702921911e+00
3.483443070160340937e+00
3.483394206583134256e+00
3.483258224456956764e+00
3.483157874279069866e+00
3.483112116715068485e+00
3.483184007220440304e+00
3.483065175469493013e+00
3.483123361902338289e+00
3.482995247884968837e+00
3.483151426884183888e+00
3.482947962546526277e+00
3.482894549713338783e+00
3.483183971296162973e+00
3.483216650850934570e+00
3.483190177279681166e+00
3.483262887093333759e+00
3.483273644165132854e+00
3.483495384233715519e+00
3.483298737295437597e+00
3.483235340261577218e+00
3.483297988628104580e+00
3.483187382799802556e+00
3.483220652393672179e+00
3.483186745036347176e+00
3.483272046143577327e+00
3.483240240302727386e+00
3.483275675754579304e+00
3.483145862925060676e+00
3.483127865954210645e+00
3.483167152315279846e+00
3.483347229979806059e+00
3.483575796477720310e+00
3.483445492406092470e+00
3.483423864944075632e+00
3.483351496735498820e+00
3.483478653833092409e+00
3.483554709686294437e+00
3.483510241975933397e+00
3.483485507430792882e+00
3.483467856276683428e+00
3.483499066620729501e+00
3.483415313401978963e+00
3.483538733826314182e+00
3.483358101645912974e+00
3.482989164939697346e+00
3.482903170409724858e+00
3.482915017286913439e+00
3.482911605136916222e+00
3.483082814276476924e+00
3.483022285764713288e+00
3.483124041906652923e+00
3.483029435833682186e+00
3.483085116190718811e+00
3.483111008087664384e+00
3.482951135002614329e+00
3.482780932375320937e+00
3.482833285959342717e+00
3.482852062088102940e+00
3.482810479188355401e+00
3.482889470868274273e+00
3.482832051394969319e+00
3.483094981176328542e+00
3.482813097268691926e+00
3.482830955846237586e+00
3.483122263015466125e+00
3.483120753326340413e+00
3.483083620147657822e+00
3.483183965795311199e+00
3.483205762260198401e+00
3.483444753947210870e+00
3.483286246985616508e+00
3.483238995978251484e+00
3.483311600311389977e+00
3.483170209568892783e+00
3.483218196099926445e+00
3.483111452000563268e+00
3.483119799107318393e+00
3.483010318497577362e+00
3.483050909859926048e+00
3.482977838017918160e+00
3.482894682882070825e+00
3.482897967192372768e+00
3.483047404278374337e+00
3.483235255467091118e+00
3.483101021762759153e+00
3.483160622414534835e+00
3.483157628290127761e+00
3.487280244633293336e+00
3.487321809264952499e+00
3.487507676876991702e+00
3.487370705381386493e+00
3.487420832608372656e+00
3.487371268090543097e+00
3.487228288108457086e+00
3.487123991241084298e+00
3.487143254745815213e+00
3.487240155041804623e+00
3.487136459512799824e+00
3.487219878550530172e+00
3.487083074541418526e+00
3.487308622539416980e+00
3.487020018988757464e+00
3.487046436924638559e+00
3.487276287171321432e+00
3.487312440872985864e+00
3.487235623558870401e+00
3.487323408559262816e+00
3.487286988595938553e+00
3.487544629944400398e+00
3.487292783531092066e+00
3.487324357608489134e+00
3.487300814150913197e+00
3.487281527791089353e+00
3.487328736408338958e+00
3.487261045691660399e+00
3.487309359287607435e+00
3.487263322363217899e+00
3.487285125291493593e+00
3.487247592386130801e+00
3.487204136133808419e+00
3.487253005544592277e+00
3.487323466661627513e+00
3.487511793778810265e+00
3.487293909865023522e+00
3.487312214090809270e+00
3.487218287944100048e+00
3.487458432494814353e+00
3.487377744898497944e+00
3.487328131556274968e+00
3.487238419674642653e+00
3.487262154233387257e+00
3.487311996106752687e+00
3.487157044815356599e+00
3.487188111326886997e+00
3.487049083989346876e+00
3.486559025388439093e+00
3.486553482473441434e+00
3.486550763063757774e+00
3.486570159945969749e+00
3.486719660403920784e+00
3.486729350205662215e+00
3.486946775038915369e+00
3.486772823509989294e+00
3.486716125950236833e+00
3.486818359929427569e+00
3.486544490430407262e+00
3.486467752447305113e+00
3.486523335529780887e+00
3.486576709879386282e+00
3.486322685411650468e+00
3.486547235572508008e+00
3.486300192401986742e+00
3.486515739466496733e+00
3.486225899669253003e+00
3.486320255627744835e+00
3.486581581481740688e+00
3.486566995476391817e+00
3.486486319209653573e+00
3.486578398175243176e+00
3.486662516028374625e+00
3.486849754766346177e+00
3.486661934974111254e+00
3.486622380670402421e+00
3.486737515017661160e+00
3.486680622542527086e+00
3.486736280250526843e+00
3.486609336674799220e+00
3.486681277733238993e+00
3.486706601380230808e+00
3.486699887079076632e+00
3.486601825154923784e+00
3.486529141110487284e+00
3.486553712282601136e+00
3.486589019193464978e+00
3.486815058306196313e+00
3.486726419472207184e+00
3.486704256746090191e+00
3.486640837482948285e+00
3.486798020510935459e+00
3.486836106907455601e+00
3.486774022452679311e+00
3.486717259437970284e+00
3.486711546397179173e+00
3.486707297583486742e+00
3.486685899120734788e+00
3.486745404038583906e+00
3.486653107032975818e+00
3.486307302563068422e+00
3.486228858541778219e+00
3.486128760355247103e+00
3.486096827958653943e+00
3.486416826881571396e+00
3.486315919156437459e+00
3.486473852611310154e+00
3.486242480916137865e+00
3.486348169457893054e+00
3.486354910802408558e+00
3.486049774044610139e+00
3.485885434460580967e+00
3.485964778213090920e+00
3.486031666962058573e+00
3.485997584393156323e+00
3.486129982984309539e+00
3.486075288043136933e+00
3.486311119281189086e+00
3.485954204502063725e+00
3.485927196581755094e+00
3.486225687602568790e+00
3.486073840273948399e+00
3.486139844346905825e+00
3.486178714466937834e+00
3.486255571184819324e+00
3.486487197725141929e+00
3.486410424968719113e+00
3.486357460578232814e+00
3.486463773027571378e+00
3.486321672299078855e+00
3.486508561567345676e+00
3.486314261330645259e+00
3.486248938312135781e+00
3.486161918142844929e+00
3.486326518027123456e+00
3.486090531077359778e+00
3.486133110597098295e+00
3.486072038019337072e+00
3.486232189003804383e+00
3.486356021508753233e+00
3.486033385780437310e+00
3.486045503228901055e+00
3.486070311569770652e+00
3.487708772555404568e+00
3.487714517445305695e+00
3.487877215163002198e+00
3.487767978537141822e+00
3.487774011351717274e+00
3.487848806338575525e+00
3.487647353725368049e+00
3.487485096777568572e+00
3.487541984274092677e+00
3.487574330293147007e+00
3.487476566439067227e+00
3.487559073991319369e+00
3.487445832812678503e+00
3.487674334130729914e+00
3.487396376236642226e+00
3.487386663152315158e+00
3.487684901578990360e+00
3.487643891370571847e+00
3.487660763018059384e+00
3.487724967731503867e+00
3.487718305889911274e+00
3.487862404655073245e+00
3.487670455977170292e+00
3.487664905796681758e+00
3.487722874627605663e+00
3.487644295138335071e+00
3.487753301852342780e+00
3.487650375963419869e+00
3.487714946941794736e+00
3.487667381904923758e+00
3.487732238625874892e+00
3.487654588340800554e+00
3.487618150490273905e+00
3.487571974916167772e+00
3.487646718604294982e+00
3.487775594496040910e+00
3.487628132321062946e+00
3.487643337813230104e+00
3.487605089294731453e+00
3.487734052496687553e+00
3.487745728460458050e+00
3.487646106912686061e+00
3.487643648506542959e+00
3.487586153723990723e+00
3.487536436703361886e+00
3.487399306423519363e+00
3.487502549601229518e+00
3.487288974647995587e+00
3.486851574654540098e+00
3.486798568174638735e+00
3.486785523983321866e+00
3.486776069319520222e+00
3.487053466112042699e+00
3.487019209915651619e+00
3.487236202577078004e+00
3.487162114433373539e+00
3.487083489601558561e+00
3.487044960739970278e+00
3.486912607191488434e+00
3.486810755145065333e+00
3.486790915437688376e+00
3.486820729771184624e+00
3.486715877368891991e+00
3.486772904998383105e+00
3.486653911114783178e+00
3.486812869508459478e+00
3.486586950148854669e+00
3.486525575665888610e+00
3.486857466936832850e+00
3.486816108496120670e+00
3.486805335844914477e+00
3.486861351864979142e+00
3.486882511710870158e+00
3.487085895733684104e+00
3.486913812039051042e+00
3.486851462075442942e+00
3.486860385831407338e+00
3.486792429232131063e+00
3.486879193091094731e+00
3.486824636067194838e+00
3.486912172760666007e+00
3.486864975360749241e+00
3.486930120230043340e+00
3.486828355064051976e+00
3.486812079988705904e+00
3.486837856673568492e+00
3.487011436298456335e+00
3.487236034982217792e+00
3.487128234145300709e+00
3.487085335167755318e+00
3.487037951727037122e+00
3.487170022767325683e+00
3.487239238566457011e+00
3.487199287836546091e+00
3.487196859737269339e+00
3.487176181054548962e+00
3.487199174684672887e+00
3.487119060141690596e+00
3.487216626596739921e+00
3.487024777870376457e+00
3.486662312270282449e+00
3.486599699671988351e+00
3.486576852095374601e+00
3.486553660588003645e+00
3.486800601571639291e+00
3.486724142704013207e+00
3.486824867584415788e+00
3.486740296926875260e+00
3.486749061866915689e+00
3.486782480780756810e+00
3.486610393267523200e+00
3.486465772523018369e+00
3.486472677751959903e+00
3.486538639302405151e+00
3.486468904487181053e+00
3.486549899839806343e+00
3.486458589228206506e+00
3.486756166328778495e+00
3.486493789890324102e+00
3.486480595348536049e+00
3.486783291719283362e+00
3.486749041104015845e+00
3.486749418115188792e+00
3.486834912472621451e+00
3.486856402204271621e+00
3.487070971852595846e+00
3.486918079321114305e+00
3.486877844969356488e+00
3.486897469406836869e+00
3.486801315067938223e+00
3.486886421733816910e+00
3.486764424012420704e+00
3.486782509245473616e+00
3.486679888254487381e+00
3.486747948485724002e+00
3.486632299547872460e+00
3.486585892297297207e+00
3.486561975677984648e+00
3.486709790029695721e+00
3.486924850828571731e+00
3.486806495497371206e+00
3.486839340910661278e+00
3.486834473280360225e+00
3.483555709980997062e+00
3.483521274601887541e+00
3.483732261396754293e+00
3.483540673137556887e+00
3.483651125401788118e+00
3.483640195353277402e+00
3.483480725122883204e+00
3.483307252741853155e+00
3.483364009257695404e+00
3.483366841554349502e+00
3.483331444672393751e+00
3.483461049253921971e+00
3.483255613378420268e+00
3.483458081702736298e+00
3.483200236423617646e+00
3.483217557860951885e+00
3.483430540000288289e+00
3.483424537435338308e+00
3.483434912110962678e+00
3.483462337094441086e+00
3.483524582077409448e+00
3.483731387550832892e+00
3.483524200715377717e+00
3.483513947748276607e+00
3.483587705360151165e+00
3.483519364810188090e+00
3.483661043976928440e+00
3.483438732009411343e+00
3.483510924317158697e+00
3.483461972015798214e+00
3.483463430688883200e+00
3.483393118891244811e+00
3.483369634112625235e+00
3.483373945970254404e+00
3.483483763854803072e+00
3.483641688307691719e+00
3.483475851228408082e+00
3.483506053284557424e+00
3.483422202358074760e+00
3.483602020299969126e+00
3.483653324073534563e+00
3.483535192332707808e+00
3.483435544966472897e+00
3.483427762846170950e+00
3.483507196378393900e+00
3.483356337767179234e+00
3.483444561904314174e+00
3.483242120246615947e+00
3.482805704665365099e+00
3.482789109133283212e+00
3.482819416767440224e+00
3.482779945224579787e+00
3.483020387861806011e+00
3.482987284860449062e+00
3.483212484982220136e+00
3.482993778774340132e+00
3.483018101039761394e+00
3.483023420610019016e+00
3.482855542757169687e+00
3.482684663989223495e+00
3.482735785662673944e+00
3.482745057913915421e+00
3.482644133934137187e+00
3.482772108792395738e+00
3.482576023486021910e+00
3.482790727779933260e+00
3.482526702717735567e+00
3.482488059529987190e+00
3.482723618624363304e+00
3.482674774446079535e+00
3.482694773319049197e+00
3.482763965896809033e+00
3.482799442136289336e+00
3.483052697698755917e+00
3.482910928964463082e+00
3.482865160191932929e+00
3.482931418781424426e+00
3.482869732807123864e+00
3.482985683351610184e+00
3.482806135156804928e+00
3.482896744356353214e+00
3.482880669918355654e+00
3.482907461349275646e+00
3.482789764916880415e+00
3.482742459853617856e+00
3.482719993800619029e+00
3.482835469210808554e+00
3.483049200907528675e+00
3.482899019502196936e+00
3.482924323627177188e+00
3.482860738868331474e+00
3.483010107048184700e+00
3.483062218829612089e+00
3.482992182977053819e+00
3.482959362075843224e+00
3.482957524916455050e+00
3.482973276907948001e+00
3.482882929906632619e+00
3.483008192978437556e+00
3.482914816511576639e+00
3.482557820547770078e+00
3.482506352199565391e+00
3.482521679202432274e+00
3.482506855259908995e+00
3.482764559236251944e+00
3.482715605265862102e+00
3.482919358043813141e+00
3.482743682868032042e+00
3.482755167269560026e+00
3.482742963554775084e+00
3.482577808649380380e+00
3.482338506885224838e+00
3.482375562742741071e+00
3.482379177401902837e+00
3.482309151444714423e+00
3.482417323490415662e+00
3.482315572026134731e+00
3.482502193254270573e+00
3.482249469089667926e+00
3.482265481558489917e+00
3.482467355408415788e+00
3.482412541457926114e+00
3.482420637431741017e+00
3.482464127671588194e+00
3.482506041018503140e+00
3.482728156753587712e+00
3.482581351295816141e+00
3.482572993991372545e+00
3.482615898298733637e+00
3.482593848126151581e+00
3.482748723023584958e+00
3.482573178534070557e+00
3.482618459911907660e+00
3.482549906574504028e+00
3.482588728049583082e+00
3.482450681941905213e+00
3.482386225465890384e+00
3.482344054437326530e+00
3.482410659920153861e+00
3.482592846345763160e+00
3.482447190216501731e+00
3.482461388917169831e+00
3.482415408838002158e+00
3.485165636213225504e+00
3.482373005518907938e+00
3.482367183940632493e+00
3.482565882179265326e+00
3.482434091974736745e+00
3.482527892001085590e+00
3.482554395126048252e+00
3.482415765460044277e+00
3.482253630197559957e+00
3.482332555094791893e+00
3.482402996013783891e+00
3.482297783365829069e+00
3.482361387759582261e+00
3.482242311902801202e+00
3.482514580446093966e+00
3.482139278314423159e+00
3.482203065967711453e+00
3.482485631431838868e+00
3.482445739359407710e+00
3.482403073862263998e+00
3.482494304491205117e+00
3.482521072275122975e+00
3.482675652216485673e+00
3.482528291459221492e+00
3.482483401935293710e+00
3.482541347820129474e+00
3.482476148024181928e+00
3.482580674128909148e+00
3.482440015668971434e+00
3.482516184008562554e+00
3.482464359464763515e+00
3.482560263653084576e+00
3.482434766539464377e+00
3.482405848781516600e+00
3.482425638886580188e+00
3.482482242083749568e+00
3.482607769438677892e+00
3.482422710886889483e+00
3.482404510781814455e+00
3.482386014387608419e+00
3.482463872263058313e+00
3.482554139045677122e+00
3.482426977594568207e+00
3.482340943768878372e+00
3.482294151329046183e+00
3.482254126442535735e+00
3.482111018940877489e+00
3.482195176176606566e+00
3.482029507486624986e+00
3.481658883512865454e+00
3.481570353243031324e+00
3.481550123121508911e+00
3.481511322412428111e+00
3.481789317625122671e+00
3.481762676572206061e+00
3.481979395156589163e+00
3.481776583616215781e+00
3.481816342438752265e+00
3.481782387750192775e+00
3.481635634063430906e+00
3.481470551169134175e+00
3.481493855002439020e+00
3.481543200459376042e+00
3.481465074694631845e+00
3.481477120070802123e+00
3.481383835702453133e+00
3.481574264845619382e+00
3.481285962826319746e+00
3.481292429696041690e+00
3.481580529599503926e+00
3.481565902554017100e+00
3.481570472363969326e+00
3.481629594128865524e+00
3.481675163910348036e+00
3.481856854649552968e+00
3.481693026450049633e+00
3.481653133724890381e+00
3.481705381543537925e+00
3.481619221266564868e+00
3.481712949821524461e+00
3.481571691011363434e+00
3.481672688662468040e+00
3.481642456543418973e+00
3.481702623714287181e+00
3.481585569966053395e+00
3.481555013615516891e+00
3.481564181386487711e+00
3.481672851226836229e+00
3.481841577100918794e+00
3.481770066553061760e+00
3.481737437578055427e+00
3.481661486402197969e+00
3.481799629119598283e+00
3.481925689485301234e+00
3.481821070658921879e+00
3.481759346998298810e+00
3.481773401917841682e+00
3.481810063912099906e+00
3.481677678434984102e+00
3.481776469697687393e+00
3.481603398706855756e+00
3.481178357017836511e+00
3.481122301518240647e+00
3.481030748357694105e+00
3.481031172325235179e+00
3.481294823429513574e+00
3.481242920048338796e+00
3.481372927765787662e+00
3.481226678388676721e+00
3.481285942403819611e+00
3.481291812524591744e+00
3.481189074911632986e+00
3.481071028719472160e+00
3.481022708401826815e+00
3.481006694155600378e+00
3.480934306801128475e+00
3.481071959837825247e+00
3.480898115829995199e+00
3.481197700900855896e+00
3.480955949363394364e+00
3.480989817663235009e+00
3.481259680773113985e+00
3.481230906431977523e+00
3.481187504499682284e+00
3.481320124629217361e+00
3.481394101804535346e+00
3.481567599215896980e+00
3.481391791035459704e+00
3.481325582634857252e+00
3.481368761215447805e+00
3.481262497219552277e+00
3.481360372158466276e+00
3.481197748947111315e+00
3.481201299776260694e+00
3.481132499449524964e+00
3.481190181177890697e+00
3.481081871410251161e+00
3.481043761013972393e+00
3.480964579515379409e+00
3.481043626912736944e+00
3.481269932677738765e+00
3.481077829299639159e+00
3.481131463386469171e+00
3.481130869918688475e+00
3.487123707769648639e+00
3.487063748869900781e+00
3.487295835274398570e+00
3.487149262207174694e+00
3.487232387073293083e+00
3.487270548040958040e+00
3.487102545258334629e+00
3.486961775170660971e+00
3.487031764428972558e+00
3.487117151657085135e+00
3.486996717526150480e+00
3.487044282730494604e+00
3.486921036121088946e+00
3.487207136797221274e+00
3.486860038008667839e+00
3.486875628468126820e+00
3.487181485318760821e+00
3.487168388509604977e+00
3.487128049782160844e+00
3.487225379391975189e+00
3.487228003173316715e+00
3.487388892330526957e+00
3.487241546071200737e+00
3.487202436935609384e+00
3.487264731018961950e+00
3.487222934398737539e+00
3.487298819485410650e+00
3.487196361255834098e+00
3.487240014733849591e+00
3.487188222781012925e+00
3.487279489461722282e+00
3.487158628531944249e+00
3.487138861339465379e+00
3.487150951401126520e+00
3.487213803249639810e+00
3.487314577035805385e+00
3.487178240252168937e+00
3.487136594087734132e+00
3.487125927767311673e+00
3.487204430547914402e+00
3.487301408318038476e+00
3.487138063272106514e+00
3.487082552593942619e+00
3.487032638709267829e+00
3.486973136088807657e+00
3.486821564182392308e+00
3.486910953025520232e+00
3.486748255969748467e+00
3.486350128937336201e+00
3.486261358995119686e+00
3.486270212167833726e+00
3.486235839959646476e+00
3.486573955423440729e+00
3.486514561757144026e+00
3.486801189590979178e+00
3.486580346732365943e+00
3.486625012250865741e+00
3.486574726631263665e+00
3.486417000204289351e+00
3.486285005183402674e+00
3.486274189347174257e+00
3.486345189936655320e+00
3.486278284941988659e+00
3.486309461971783819e+00
3.486195730593999453e+00
3.486375051270572012e+00
3.486118023337046790e+00
3.486072944877951052e+00
3.486368864575292381e+00
3.486356909827879491e+00
3.486324651895897464e+00
3.486370924190810960e+00
3.486429027458853191e+00
3.486604280968698344e+00
3.486458887171594245e+00
3.486407660132838870e+00
3.486442462639578022e+00
3.486395778815282842e+00
3.486472318947068771e+00
3.486368109348812361e+00
3.486427388390129778e+00
3.486404757292390855e+00
3.486460925640910702e+00
3.486354817832375552e+00
3.486319818994731090e+00
3.486333459249946642e+00
3.486472312154184738e+00
3.486655985885907860e+00
3.486611311256078594e+00
3.486582214391586998e+00
3.486527588474352068e+00
3.486657345376354300e+00
3.486791866697517062e+00
3.486667838936463149e+00
3.486647670020222911e+00
3.486683214575888812e+00
3.486715376419975865e+00
3.486570775636169905e+00
3.486686957439053103e+00
3.486516061432575420e+00
3.486087917211917908e+00
3.486031491568200469e+00
3.485957956515491674e+00
3.485962034564062950e+00
3.486251698087802442e+00
3.486161541758449722e+00
3.486331244872374224e+00
3.486181153440005787e+00
3.486246763242838664e+00
3.486247606846992753e+00
3.486136051156980997e+00
3.486030790455990847e+00
3.485978728151494899e+00
3.485973328363394685e+00
3.485874072721087735e+00
3.486019360346771734e+00
3.485847767065294978e+00
3.486199828066342210e+00
3.485943006578279046e+00
3.485928876252917696e+00
3.486214010299955035e+00
3.486202562514181924e+00
3.486131876411923347e+00
3.486267969916956755e+00
3.486328416393682517e+00
3.486502615406123162e+00
3.486336524026439232e+00
3.486279016484937987e+00
3.486287839203979111e+00
3.486208061795385227e+00
3.486284633049569148e+00
3.486151188002775569e+00
3.486120630507731910e+00
3.486064776330084491e+00
3.486122882252784105e+00
3.486040227005428704e+00
3.485957929795362897e+00
3.485897972542679746e+00
3.486004305026980443e+00
3.486193834272981018e+00
3.486013265077297696e+00
3.486088614771283289e+00
3.486107439238389283e+00
3.482761767651307849e+00
3.482720137307022235e+00
3.482918092015205858e+00
3.482791352704537324e+00
3.482820395740502395e+00
3.482970294072265549e+00
3.482779158374720740e+00
3.482643347136213485e+00
3.482680601562014644e+00
3.482813625541984148e+00
3.482645861292131606e+00
3.482736098410799563e+00
3.482627521191862030e+00
3.482871701801811604e+00
3.482489716106997868e+00
3.482541327198883430e+00
3.482847544335474499e+00
3.482792040824572943e+00
3.482775107374938450e+00
3.482846233901760513e+00
3.482867581226997800e+00
3.483022976940983284e+00
3.482848482017732561e+00
3.482838324943143604e+00
3.482871325715303890e+00
3.482827430850322870e+00
3.482856893531928399e+00
3.482882138982825282e+00
3.482859695733076411e+00
3.482808853572365138e+00
3.482939553598459526e+00
3.482811592320433025e+00
3.482739077392381866e+00
3.482772546367736144e+00
3.482862023149996489e+00
3.482944569405901358e+00
3.482757239341621514e+00
3.482732736123939521e+00
3.482730197175226028e+00
3.482779468913129950e+00
3.482834227811436811e+00
3.482751870885699930e+00
3.482655916634907811e+00
3.482603255125671815e+00
3.482598609053118466e+00
3.482442350338507353e+00
3.482520172659674618e+00
3.482340462101040757e+00
3.481936136331236220e+00
3.481865254595915005e+00
3.481839850051193341e+00
3.481785892648753045e+00
3.482128434221918312e+00
3.482068880422173329e+00
3.482262120525331905e+00
3.482074805168519305e+00
3.482045724923150232e+00
3.482145699596637556e+00
3.481946659072640671e+00
3.481777615621803434e+00
3.481806184092420153e+00
3.481882780871355720e+00
3.481765102515391064e+00
3.481794387646877986e+00
3.481731440922177345e+00
3.481878639177704571e+00
3.481576192744920029e+00
3.481590760372331506e+00
3.481892285596006609e+00
3.481871703515509342e+00
3.481878128424850782e+00
3.481920832929641829e+00
3.481954310693096133e+00
3.482135630972156726e+00
3.481948048231413129e+00
3.481943941297974021e+00
3.481973701957359779e+00
3.481898180830699019e+00
3.481932470767913124e+00
3.481955712721906959e+00
3.481952392171620669e+00
3.481928233956334218e+00
3.482023373057232085e+00
3.481887396013399805e+00
3.481834660890272826e+00
3.481845437376533070e+00
3.481997426571096899e+00
3.482135233169684874e+00
3.482048942163849414e+00
3.482042796589181144e+00
3.481965334087574249e+00
3.482049215116356677e+00
3.482151266605230333e+00
3.482097816534902357e+00
3.482031570593827841e+00
3.482045550355744368e+00
3.482113334348476474e+00
3.481957439365129581e+00
3.482055952552097100e+00
3.481892540091465982e+00
3.481436966872784922e+00
3.481385612774101634e+00
3.481300778809258922e+00
3.481289820756293452e+00
3.481606256688218437e+00
3.481507878382188448e+00
3.481645919445494286e+00
3.481501648636302626e+00
3.481482681090509068e+00
3.481626781450984254e+00
3.481462891401871929e+00
3.481348609862189747e+00
3.481311781326059673e+00
3.481322529896339724e+00
3.481206025450943820e+00
3.481365176362591907e+00
3.481217499204873000e+00
3.481454103532823030e+00
3.481211462740327001e+00
3.481245399942344942e+00
3.481520831347953759e+00
3.481490666649085242e+00
3.481455615723078711e+00
3.481579675231391668e+00
3.481624925353242084e+00
3.481806040235528421e+00
3.481631622219945932e+00
3.481599926638912379e+00
3.481615658420157189e+00
3.481515117569236928e+00
3.481552851552675243e+00
3.481556616469365650e+00
3.481476785352819903e+00
3.481399223427080081e+00
3.481490077548003548e+00
3.481363327332680058e+00
3.481284735423344934e+00
3.481228844706870884e+00
3.481341116136333458e+00
3.481549933338480951e+00
3.481366223601020771e+00
3.481400694866182199e+00
3.481409826289242559e+00
3.488307305332895680e+00
3.488341133122613069e+00
3.488549840026964333e+00
3.488388661731271601e+00
3.488430657248942079e+00
3.488527953766028755e+00
3.488354011486437756e+00
3.488207398655433167e+00
3.488287009958809914e+00
3.488371528524602194e+00
3.488236573983278799e+00
3.488283885177186683e+00
3.488176378996597382e+00
3.488409175149560504e+00
3.488098952245116458e+00
3.488124496865165902e+00
3.488423331175105169e+00
3.488404799296655590e+00
3.488379533683961586e+00
3.488467785800559717e+00
3.488472366734921337e+00
3.488629442884987775e+00
3.488480185784836429e+00
3.488452227516777082e+00
3.488522165799196717e+00
3.488453644574355472e+00
3.488501550195339806e+00
3.488464205989749711e+00
3.488502734719680198e+00
3.488438270350168402e+00
3.488503774831360538e+00
3.488418929206521302e+00
3.488371813591240045e+00
3.488396702994998932e+00
3.488458387474818512e+00
3.488567284624430442e+00
3.488422404237796481e+00
3.488384228442461765e+00
3.488368614780423815e+00
3.488434423844214649e+00
3.488484771015479602e+00
3.488392730068910375e+00
3.488317676767020981e+00
3.488241745243238157e+00
3.488219754095757352e+00
3.488073271877014214e+00
3.488171601910017738e+00
3.487995967566180688e+00
3.487603913604143457e+00
3.487516330050427715e+00
3.487512506135344026e+00
3.487489864487972824e+00
3.487758353434450953e+00
3.487784408048473228e+00
3.488040898116208766e+00
3.487812383551988749e+00
3.487808196052118337e+00
3.487836403162058563e+00
3.487661720037255719e+00
3.487523310706617696e+00
3.487528875885135271e+00
3.487594136445916426e+00
3.487516837765609612e+00
3.487539597431108085e+00
3.487447751531126183e+00
3.487573415651387343e+00
3.487372225057346231e+00
3.487325163015084328e+00
3.487609496385238206e+00
3.487595443036966891e+00
3.487582516443446856e+00
3.487614356739894284e+00
3.487679156226008104e+00
3.487847612242235051e+00
3.487696664355849130e+00
3.487655272042915477e+00
3.487706892546145188e+00
3.487632167521426130e+00
3.487670589199616700e+00
3.487638867264900799e+00
3.487691748242053080e+00
3.487654864496167573e+00
3.487688343452195916e+00
3.487626766424538616e+00
3.487566745206761354e+00
3.487589936002024160e+00
3.487720335008082539e+00
3.487915026414542208e+00
3.487862025092221874e+00
3.487831262861082138e+00
3.487764841843087993e+00
3.487891649151838358e+00
3.487971901877355840e+00
3.487923697875869422e+00
3.487884290781376961e+00
3.487890526263762059e+00
3.487956160556716423e+00
3.487815463309504871e+00
3.487941463721184743e+00
3.487759516457287656e+00
3.487338360333808396e+00
3.487281630961736933e+00
3.487202177036138995e+00
3.487213159326288725e+00
3.487434732941451454e+00
3.487445431522403716e+00
3.487595749663494171e+00
3.487415646958573312e+00
3.487437713284379015e+00
3.487505328661550941e+00
3.487384146337880075e+00
3.487281865163417649e+00
3.487234860977764583e+00
3.487220735706342722e+00
3.487114157817226445e+00
3.487265643918946889e+00
3.487104610439652141e+00
3.487397879521665800e+00
3.487189213346537198e+00
3.487179638588463693e+00
3.487452835115851801e+00
3.487435338312514066e+00
3.487383851310360328e+00
3.487509901548242475e+00
3.487572830497911447e+00
3.487740407642944795e+00
3.487571527817688644e+00
3.487517008217599024e+00
3.487548179288598060e+00
3.487449402965203671e+00
3.487487943594835382e+00
3.487418077342077982e+00
3.487387531357112991e+00
3.487313167823686832e+00
3.487348145785248210e+00
3.487301901346272270e+00
3.487196206116378150e+00
3.487147995154910696e+00
3.487246225345765005e+00
3.487445896110549004e+00
3.487264549527901991e+00
3.487333888819830197e+00
3.487343507510081597e+00
3.482029750867946749e+00
3.481998696517032421e+00
3.482173161229438207e+00
3.482066868132266624e+00
3.482150931171953623e+00
3.482202634730981572e+00
3.482033072305300347e+00
3.481903662315336767e+00
3.481947158984891377e+00
3.482035247033423264e+00
3.481919245923756456e+00
3.482006840368359946e+00
3.481863176036577023e+00
3.482139465878999030e+00
3.481769593766605553e+00
3.481828015333533255e+00
3.482083249301076489e+00
3.482072591458197586e+00
3.482040190592372131e+00
3.482110693288418268e+00
3.482137236798220403e+00
3.482303180843500545e+00
3.482150171095861779e+00
3.482095758101912519e+00
3.482185646848554583e+00
3.482111551184934317e+00
3.482204566487054453e+00
3.482059263458158860e+00
3.482127463066829520e+00
3.482067546018688731e+00
3.482191419862078696e+00
3.482093212726271148e+00
3.482036525737308708e+00
3.482056454565413794e+00
3.482191766312389802e+00
3.482245026689398504e+00
3.482044791776666592e+00
3.482013647548341417e+00
3.482003966788183469e+00
3.482073436157676394e+00
3.482120842519177195e+00
3.482112321081326289e+00
3.481937864240350677e+00
3.481903867326176183e+00
3.481856666619253637e+00
3.481730015835361236e+00
3.481805263295933539e+00
3.481615179788735137e+00
3.481245581904791830e+00
3.481178768514028299e+00
3.481152556004629695e+00
3.481103403766210747e+00
3.481435513573500007e+00
3.481386576745048256e+00
3.481573092888816667e+00
3.481410778621725655e+00
3.481433812400370087e+00
3.481418728231182591e+00
3.481240563816401234e+00
3.481075442039972323e+00
3.481110406379619882e+00
3.481149682369065079e+00
3.481059137694245464e+00
3.481108508714203964e+00
3.481001646286919549e+00
3.481177479473506864e+00
3.480890324995175256e+00
3.480905052280837797e+00
3.481177253411225969e+00
3.481185692811096466e+00
3.481178734143836273e+00
3.481223860055102204e+00
3.481263207891397649e+00
3.481452050599203929e+00
3.481296063480600278e+00
3.481252219521773661e+00
3.481317042822919650e+00
3.481228998390368812e+00
3.481326479663879869e+00
3.481180916098382649e+00
3.481264369447643503e+00
3.481229403708941295e+00
3.481311988909195687e+00
3.481210441753550988e+00
3.481176013966384986e+00
3.481174587373554452e+00
3.481356582515458431e+00
3.481471497127308190e+00
3.481367642120613670e+00
3.481354341785823703e+00
3.481275016991849824e+00
3.481382663780566045e+00
3.481468158789426504e+00
3.481485435356204583e+00
3.481354812431805001e+00
3.481375600187818886e+00
3.481408020445928120e+00
3.481285207630101297e+00
3.481381302344146000e+00
3.481206092968045951e+00
3.480771325096926549e+00
3.480734086496205748e+00
3.480633621214610507e+00
3.480632219437843400e+00
3.480936830294977025e+00
3.480853512630022628e+00
3.480975728778366030e+00
3.480853807072212813e+00
3.480894220654527693e+00
3.480921575879392105e+00
3.480774147858966217e+00
3.480650281827444292e+00
3.480639553725122237e+00
3.480625082040321061e+00
3.480546198398379421e+00
3.480698446534473689e+00
3.480525642353907045e+00
3.480786320769178488e+00
3.480549626882534664e+00
3.480596766540103637e+00
3.480827997574267307e+00
3.480836776598868809e+00
3.480789705240737497e+00
3.480905971497255003e+00
3.480953767244133523e+00
3.481149938602110083e+00
3.481007694772928485e+00
3.480934398278618502e+00
3.480981068950905311e+00
3.480861906437982434e+00
3.480965731357759552e+00
3.480802097958104913e+00
3.480817091922254747e+00
3.480734092477394181e+00
3.480806351014289035e+00
3.480714133675494537e+00
3.480652718526304756e+00
3.480591157514511647e+00
3.480739045321661784e+00
3.480909302530718730e+00
3.480699574671196395e+00
3.480734749130371952e+00
3.480738357011733619e+00
3.479614828533422966e+00
3.479629879439974260e+00
3.479832025856302469e+00
3.479684844494114415e+00
3.479702002625963519e+00
3.479760573590954476e+00
3.479571552590238426e+00
3.479426013687834107e+00
3.479435397199574620e+00
3.479467984309294604e+00
3.479422878896539562e+00
3.479511009694906676e+00
3.479369694850040329e+00
3.479600686533890208e+00
3.479307103760340247e+00
3.479325446631779784e+00
3.479538443075361531e+00
3.479618139590043402e+00
3.479602771068114109e+00
3.479566030739815297e+00
3.479578347904610069e+00
3.479740541375066165e+00
3.479524299986617830e+00
3.479549784151914960e+00
3.479598857439456516e+00
3.479567044684139354e+00
3.479584181154183220e+00
3.479424673716197791e+00
3.479580333681295379e+00
3.479484259919670919e+00
3.479534819506722609e+00
3.479450648060006923e+00
3.479459589484397153e+00
3.479483066997387297e+00
3.479540464823716484e+00
3.479649174928652222e+00
3.479556435332050057e+00
3.479531892690182371e+00
3.479462734234700427e+00
3.479545352619077381e+00
3.479615266013750485e+00
3.479494173402005508e+00
3.479396590563970548e+00
3.479437085740055391e+00
3.479430077821169753e+00
3.479293761140969554e+00
3.479388979945751803e+00
3.479245060585970162e+00
3.478747489493926537e+00
3.478744808259735866e+00
3.478820378335150565e+00
3.478723472696572117e+00
3.478959409266491942e+00
3.478987168853698630e+00
3.479131690901683172e+00
3.478892355999197328e+00
3.478921239525738063e+00
3.478923524013215918e+00
3.478852506731323402e+00
3.478571806863437921e+00
3.478741272308734533e+00
3.478670730513626630e+00
3.478651971889084926e+00
3.478648252567284160e+00
3.478501462111639242e+00
3.478715782671410572e+00
3.478449844638041633e+00
3.478419459171812722e+00
3.478723756813738355e+00
3.478692612781520310e+00
3.478695413753869481e+00
3.478807263693004082e+00
3.478840868248979756e+00
3.479059647516379528e+00
3.478916906838660061e+00
3.478908932148254252e+00
3.478922018301292329e+00
3.478860802225906657e+00
3.478936177950338049e+00
3.478874846003286336e+00
3.478929270144359709e+00
3.478890598496530817e+00
3.478932397629451057e+00
3.478743432542305669e+00
3.478697104849424626e+00
3.478773999931928262e+00
3.478820920652040627e+00
3.479031973679262535e+00
3.478905116275337495e+00
3.478931694044301803e+00
3.478928626736332408e+00
3.478962821861031784e+00
3.479019135632022142e+00
3.478939315731206960e+00
3.478977603945362151e+00
3.478932156291134170e+00
3.478957826455550517e+00
3.478851142518292860e+00
3.478987704330676500e+00
3.478880286009718770e+00
3.478471859612722650e+00
3.478417360332614727e+00
3.478389510427435827e+00
3.478371517497460985e+00
3.478618446822827170e+00
3.478629307400322723e+00
3.478755378526239728e+00
3.478507559995011267e+00
3.478475010723606875e+00
3.478495288645078620e+00
3.478364048232223560e+00
3.478314728016899338e+00
3.478250684202850884e+00
3.478436954697346373e+00
3.478314968009252439e+00
3.478405756753010891e+00
3.478346955959631615e+00
3.478582748969437866e+00
3.478306884328212334e+00
3.478347554316468138e+00
3.478470471380151086e+00
3.478413526754318585e+00
3.478475305725183819e+00
3.478510552195834382e+00
3.478604007920067076e+00
3.478827450434535784e+00
3.478740063459877074e+00
3.478780801758527552e+00
3.478785592741930000e+00
3.478734012426164313e+00
3.478801384042632172e+00
3.478695922959660791e+00
3.478668244863736714e+00
3.478547290008916271e+00
3.478622974028954928e+00
3.478495384101319310e+00
3.478476120660281445e+00
3.478458811497827874e+00
3.478617890207101659e+00
3.478872534356579838e+00
3.478453159418910090e+00
3.478470042749795432e+00
3.478497432948057799e+00
3.485850471931440264e+00
3.485830758149858433e+00
3.485999628596052613e+00
3.485861595900193954e+00
3.485913787257349572e+00
3.485963589648721772e+00
3.485768081234057458e+00
3.485600659190764894e+00
3.485698068372135694e+00
3.485730892691433880e+00
3.485629901237781603e+00
3.485704135047047458e+00
3.485593188680509158e+00
3.485800789020666812e+00
3.485530503526238721e+00
3.485556032811950811e+00
3.485840760205181521e+00
3.485822703881178430e+00
3.485806465340528959e+00
3.485892915423936866e+00
3.485884474899246577e+00
3.486034560986776221e+00
3.485828475608447441e+00
3.485841784318701286e+00
3.485901476426818579e+00
3.485836221618331177e+00
3.485939638591912804e+00
3.485825015502848068e+00
3.485878967960624131e+00
3.485841079360707973e+00
3.485913140079776706e+00
3.485810178707221318e+00
3.485798153359518814e+00
3.485770242399168328e+00
3.485812434754929967e+00
3.485945408195220363e+00
3.485813225154930528e+00
3.485827787200397765e+00
3.485782307173519445e+00
3.485895389073387474e+00
3.485967345696289410e+00
3.485794049708017539e+00
3.485786655140410861e+00
3.485740342689606308e+00
3.485689633404523313e+00
3.485559106268263818e+00
3.485661811166470780e+00
3.485449950345081760e+00
3.485011264061648184e+00
3.484939318668576647e+00
3.484952665933018778e+00
3.484952695388224164e+00
3.485231289575222213e+00
3.485189293066051519e+00
3.485441419686781117e+00
3.485307855253969578e+00
3.485267839575862503e+00
3.485204098903930792e+00
3.485083797795028193e+00
3.484989783031107180e+00
3.484951951651221513e+00
3.485023688940447339e+00
3.484895102792823440e+00
3.484953874283030828e+00
3.484827221993740842e+00
3.484968406446071754e+00
3.484765344360352124e+00
3.484720174975551643e+00
3.485021404789636623e+00
3.485024386391359474e+00
3.484997061613924529e+00
3.485072693068451244e+00
3.485089542364749882e+00
3.485316432770380946e+00
3.485136019688936049e+00
3.485086786569456141e+00
3.485088188167667411e+00
3.485042174688079530e+00
3.485117702259747485e+00
3.485050322416487045e+00
3.485126393233280773e+00
3.485108552336932064e+00
3.485173632686838552e+00
3.485018789788740357e+00
3.485022019094993873e+00
3.485041996911481643e+00
3.485206284595974147e+00
3.485431621143136649e+00
3.485336436873641919e+00
3.485288583214114944e+00
3.485248617848195174e+00
3.485369406274608117e+00
3.485489149261157937e+00
3.485393702925792425e+00
3.485344856129792834e+00
3.485352122140657372e+00
3.485375656100393460e+00
3.485297628288747340e+00
3.485409353054406356e+00
3.485235801738270744e+00
3.484859255730192729e+00
3.484774170253404968e+00
3.484784507829695066e+00
3.484748581559610425e+00
3.485027784982523968e+00
3.484934534407553297e+00
3.485024918932202898e+00
3.484912907987910646e+00
3.484971338287865095e+00
3.484982481535094490e+00
3.484830393049062280e+00
3.484663695794037341e+00
3.484688724441231678e+00
3.484750037522811539e+00
3.484666217230998342e+00
3.484751700653236473e+00
3.484666317041610117e+00
3.484956720886255521e+00
3.484703793924632365e+00
3.484722204508568844e+00
3.484999584762377811e+00
3.484965817383717912e+00
3.484942961331272571e+00
3.485041174830137312e+00
3.485067292906816050e+00
3.485298007925300201e+00
3.485139798520458410e+00
3.485101540930837238e+00
3.485122560690737892e+00
3.485053404572759916e+00
3.485126624446936550e+00
3.484995542615488606e+00
3.484983951022481818e+00
3.484885741189676978e+00
3.484975623627152963e+00
3.484862404638219058e+00
3.484799139221459896e+00
3.484784510616236730e+00
3.484940138666892562e+00
3.485135967468064866e+00
3.485009036356200074e+00
3.485050894065475635e+00
3.485066551113788602e+00
3.484899720034229098e+00
3.484934849655924705e+00
3.485071168092034544e+00
3.484935586810836483e+00
3.484989166746424338e+00
3.485060550779903288e+00
3.484871354645092900e+00
3.484707272810347423e+00
3.484789033427915239e+00
3.484797534890924364e+00
3.484759107864324967e+00
3.484817785152999114e+00
3.484684514833389368e+00
3.484902330500137424e+00
3.484629041276729122e+00
3.484649353057586385e+00
3.484914334774505740e+00
3.484885456161344486e+00
3.484876062532771268e+00
3.484883080130472877e+00
3.484933338524582425e+00
3.485081398925242269e+00
3.484859713992251695e+00
3.484891016800029107e+00
3.484948192288240598e+00
3.484898575379768104e+00
3.484993358608987180e+00
3.484865639978021346e+00
3.484913458158313215e+00
3.484870731880302053e+00
3.484905777098949997e+00
3.484782603202885021e+00
3.484752878510216867e+00
3.484746880634882693e+00
3.484854604651489218e+00
3.485018023660475528e+00
3.484852195259324326e+00
3.484869468261293513e+00
3.484804774766056212e+00
3.484951878200291731e+00
3.485008743542857168e+00
3.484870364322262049e+00
3.484803500786830099e+00
3.484829271191635769e+00
3.484873396971129189e+00
3.484724888634407769e+00
3.484789121667260403e+00
3.484593514310871498e+00
3.484161085012531966e+00
3.484114946615461950e+00
3.484124410361694402e+00
3.484087734850463747e+00
3.484224134417477359e+00
3.484283921271007500e+00
3.484500740872644720e+00
3.484328588163948304e+00
3.484311485615251058e+00
3.484323055858579821e+00
3.484150525609865046e+00
3.484030077782466872e+00
3.484054940623705576e+00
3.484076049341703119e+00
3.483959345756401316e+00
3.484043263690955960e+00
3.483891151056534241e+00
3.484082360480049267e+00
3.483859203109024527e+00
3.483756986600355710e+00
3.484022703309801017e+00
3.484010419171996276e+00
3.484008323347199898e+00
3.484082513654825686e+00
3.484112772360836718e+00
3.484328423884038628e+00
3.484159095362517888e+00
3.484142889232305862e+00
3.484217099037597798e+00
3.484167247637174558e+00
3.484266867906482545e+00
3.484151311128864226e+00
3.484242190020912844e+00
3.484202521231608785e+00
3.484265295524328288e+00
3.484070739105355585e+00
3.484041104866328897e+00
3.484041186578473948e+00
3.484184791678577753e+00
3.484380301180749928e+00
3.484210342682518391e+00
3.484200374272133693e+00
3.484134856664393709e+00
3.484250293823163869e+00
3.484356974136592733e+00
3.484291707265967819e+00
3.484263895774546871e+00
3.484249158624983078e+00
3.484251339120807422e+00
3.484200927164864847e+00
3.484338075439866511e+00
3.484240105020099953e+00
3.483875664286337326e+00
3.483830867816478882e+00
3.483858632312124559e+00
3.483843916540306118e+00
3.484065246408250438e+00
3.484031930739361904e+00
3.484149955799126452e+00
3.484073364257226135e+00
3.484062097574089023e+00
3.484134861390308480e+00
3.483892756866166174e+00
3.483668185564404940e+00
3.483698386574372918e+00
3.483687645730645599e+00
3.483605768554046467e+00
3.483654065552917345e+00
3.483586318903318713e+00
3.483796574730328111e+00
3.483545972976520133e+00
3.483545308944640873e+00
3.483780700121808849e+00
3.483760164009780169e+00
3.483774407376990734e+00
3.483828619562905349e+00
3.483860674634140953e+00
3.484063509372501422e+00
3.483898389131230733e+00
3.483869446398718317e+00
3.483961958187953289e+00
3.483914708813027783e+00
3.484027272185499680e+00
3.483916264561120357e+00
3.483942811642065429e+00
3.483873741124793089e+00
3.483976637447119717e+00
3.483827837041429731e+00
3.483743385857385633e+00
3.483696322273842849e+00
3.483771828800528159e+00
3.483968391570162915e+00
3.483812620698897078e+00
3.483883810857929308e+00
3.483847210400672800e+00
3.480358739813970370e+00
3.480451108330599119e+00
3.480607573734697091e+00
3.480434757778526844e+00
3.480478601664721339e+00
3.480518228674845727e+00
3.480358596806246929e+00
3.480200449141573671e+00
3.480260151923375567e+00
3.480287668469129070e+00
3.480237129389069040e+00
3.480285514665697910e+00
3.480193547830409351e+00
3.480365391531508479e+00
3.480115817554469970e+00
3.480117264340403693e+00
3.480384931433288198e+00
3.480387428638902936e+00
3.480399057815815489e+00
3.480431826784014859e+00
3.480442963206558105e+00
3.480559995276934604e+00
3.480378819540435043e+00
3.480371453116764879e+00
3.480437011280923087e+00
3.480330152771382135e+00
3.480378662299130177e+00
3.480302159312573362e+00
3.480383322586350747e+00
3.480323650327604934e+00
3.480391665280652358e+00
3.480325892629400730e+00
3.480281187909705309e+00
3.480256309190513431e+00
3.480312827651997232e+00
3.480455267378682827e+00
3.480275200423342152e+00
3.480279938452290445e+00
3.480201097690643230e+00
3.480341948814175357e+00
3.480381341793285621e+00
3.480261600878719719e+00
3.480220699634103187e+00
3.480198217072530298e+00
3.480207962820148104e+00
3.480079873918678235e+00
3.480179061274213836e+00
3.479943800614205163e+00
3.479452620460885548e+00
3.479450738313606628e+00
3.479457830208829705e+00
3.479415641290405148e+00
3.479573968145328600e+00
3.479656718844999830e+00
3.479850534641445670e+00
3.479694448468673595e+00
3.479649042329189701e+00
3.479639950191775633e+00
3.479513615259473447e+00
3.479373354837258070e+00
3.479377117056600355e+00
3.479391523139974129e+00
3.479246685545783091e+00
3.479333426264479279e+00
3.479203838403902793e+00
3.479344448070188278e+00
3.479124178118368160e+00
3.479087858756062523e+00
3.479378112750366459e+00
3.479420106898316156e+00
3.479398752190807187e+00
3.479467356596069205e+00
3.479492933305006197e+00
3.479710349495716670e+00
3.479520749652770917e+00
3.479431797417901429e+00
3.479469400102661147e+00
3.479387156696055694e+00
3.479417972152030192e+00
3.479396863020802755e+00
3.479486286898630265e+00
3.479432774100560621e+00
3.479483918346610860e+00
3.479367742630542715e+00
3.479331011620130809e+00
3.479370804615776525e+00
3.479524160023921731e+00
3.479753251712847106e+00
3.479625354926037861e+00
3.479616504627137452e+00
3.479539611301550206e+00
3.479653511856597436e+00
3.479722473925499049e+00
3.479665643713817591e+00
3.479642379033182742e+00
3.479630797088409722e+00
3.479618626669805703e+00
3.479533256009657460e+00
3.479656422373234026e+00
3.479468498485241312e+00
3.479120133427473949e+00
3.479033084118880126e+00
3.479028395507675953e+00
3.479000239813049955e+00
3.479152435331411386e+00
3.479191691518825902e+00
3.479284846502179285e+00
3.479131870600167709e+00
3.479160188121042108e+00
3.479204863703725614e+00
3.479055568159961531e+00
3.478890823780118602e+00
3.478943070678043981e+00
3.478949684122861985e+00
3.478898970415240655e+00
3.478958537584656785e+00
3.478930321648155299e+00
3.479151723672273988e+00
3.478912436702399358e+00
3.478932129110869909e+00
3.479212763720931800e+00
3.479195962466270942e+00
3.479198057793907672e+00
3.479279807397088753e+00
3.479308589699905419e+00
3.479525799853997903e+00
3.479370921070326528e+00
3.479303123571823253e+00
3.479357720410197974e+00
3.479255241285910127e+00
3.479291616355349781e+00
3.479178848358314369e+00
3.479208518057327115e+00
3.479088501431753855e+00
3.479137726385661100e+00
3.479047121200534498e+00
3.478961368461502612e+00
3.478964502594673380e+00
3.479082637814988388e+00
3.479323951911302615e+00
3.479195967300804160e+00
3.479198687406626966e+00
3.479188212747681863e+00
3.480627355259799494e+00
3.480682738912769913e+00
3.480867342216941829e+00
3.480783737694833846e+00
3.480820136797040831e+00
3.480872256138524801e+00
3.480704687651025253e+00
3.480571025153238907e+00
3.480656567191416251e+00
3.480750231477195644e+00
3.480608852465274072e+00
3.480693135970057472e+00
3.480559407239943948e+00
3.480816428632790505e+00
3.480471828714463811e+00
3.480526077944067431e+00
3.480826117543322606e+00
3.480775533427190815e+00
3.480738345757771413e+00
3.480807578596274432e+00
3.480847450250172503e+00
3.481000931467752579e+00
3.480856950185903465e+00
3.480831728471963427e+00
3.480872635501568002e+00
3.480811723883910247e+00
3.480864175705463026e+00
3.480770955347096240e+00
3.480836123399143389e+00
3.480780260719033681e+00
3.480863683352438898e+00
3.480765607977749809e+00
3.480718879088109841e+00
3.480711912859047352e+00
3.480840330245399628e+00
3.480939929890823237e+00
3.480737265675351466e+00
3.480716885985266629e+00
3.480685056841046787e+00
3.480759137781094026e+00
3.480834022538510375e+00
3.480722918181018866e+00
3.480619772318153338e+00
3.480610834767430273e+00
3.480580001209001573e+00
3.480452913226949274e+00
3.480543459142078966e+00
3.480345321440768469e+00
3.479955902100323684e+00
3.479895697604264537e+00
3.479853812719208683e+00
3.479805781764092387e+00
3.480057065148433715e+00
3.480084970931569543e+00
3.480246737415864544e+00
3.480112385687875509e+00
3.480082426100843396e+00
3.480126774779209953e+00
3.479958420066703084e+00
3.479805171813279863e+00
3.479860632420944011e+00
3.479897797582259145e+00
3.479812664983873205e+00
3.479825016782539748e+00
3.479733942092018140e+00
3.479902672433265121e+00
3.479630030533837903e+00
3.479631583410838225e+00
3.479918890079786831e+00
3.479897840386651620e+00
3.479891137136126744e+00
3.479948198983626284e+00
3.479983869061217927e+00
3.480203487201872115e+00
3.480038456674627412e+00
3.480006856425779560e+00
3.480047317042371802e+00
3.479961178996436644e+00
3.480026286858981077e+00
3.479964495758340437e+00
3.480036062030766875e+00
3.480003036995666488e+00
3.480034083053394678e+00
3.479953811940430519e+00
3.479911409876631279e+00
3.479913296736462769e+00
3.480088996641653942e+00
3.480249311550037028e+00
3.480172532839904687e+00
3.480157200059831535e+00
3.480071946420573159e+00
3.480169963003694633e+00
3.480276359740668735e+00
3.480197518104310994e+00
3.480128495842419234e+00
3.480160193721779649e+00
3.480216380988423452e+00
3.480078469156559606e+00
3.480162626783761759e+00
3.479979398206763719e+00
3.479576572751082786e+00
3.479520537761604970e+00
3.479443615347466157e+00
3.479450571098863243e+00
3.479674011990433691e+00
3.479666366319650539e+00
3.479793013268698054e+00
3.479684591563892759e+00
3.479657655910050718e+00
3.479734404757822475e+00
3.479592011263149764e+00
3.479518010240605808e+00
3.479457443137317973e+00
3.479505303929216531e+00
3.479415440436508966e+00
3.479547826020657375e+00
3.479408956667858543e+00
3.479632546374390678e+00
3.479408394071490829e+00
3.479448603793934502e+00
3.479727988005528516e+00
3.479683841266192346e+00
3.479644883335580197e+00
3.479758745774148121e+00
3.479815996280414048e+00
3.479983396171370202e+00
3.479822592307703299e+00
3.479784969559725383e+00
3.479817637675977515e+00
3.479704334037879931e+00
3.479776209929772435e+00
3.479660567319061037e+00
3.479684069181296913e+00
3.479596119909759366e+00
3.479633562205399322e+00
3.479540495504608977e+00
3.479470459485939138e+00
3.479409513587899738e+00
3.479513607038128065e+00
3.479713842990155737e+00
3.479553211449907923e+00
3.479573032975356917e+00
3.479575218558862648e+00
3.484209246610982191e+00
3.484346645857407498e+00
