3.191760833112668116e+00
3.191818885994097243e+00
3.191763467568532242e+00
3.191770106435300569e+00
3.191759003180232313e+00
3.191758899482675993e+00
3.191769996309615109e+00
3.191770142594242188e+00
3.191761374326538281e+00
3.191767499149936071e+00
3.191744558264172582e+00
3.191755805483724284e+00
3.191756241428284735e+00
3.191777171062563312e+00
3.191753675640513155e+00
3.191758220026672532e+00
3.191748058617780881e+00
3.191742901713186864e+00
3.191754796246700554e+00
3.191761472449313963e+00
3.191754167407952369e+00
3.191765972852736777e+00
3.191788009005906979e+00
3.191843424842348842e+00
3.191772994253711637e+00
3.191799183895475789e+00
3.191784739967894247e+00
3.191791636922206354e+00
3.191787978667155912e+00
3.191787963944015871e+00
3.191781958444363188e+00
3.191772072848211739e+00
3.191775805744233363e+00
3.191768805857340130e+00
3.191849909849956202e+00
3.191786765188160402e+00
3.191780384565415574e+00
3.191789828272126872e+00
3.191811450036828202e+00
3.191829965374051170e+00
3.191816005852548432e+00
3.191818399281578067e+00
3.191808848495460982e+00
3.191805808931307276e+00
3.191826457651429916e+00
3.191885048879762987e+00
3.191834601675323846e+00
3.191840195237799715e+00
3.191831485417738534e+00
3.191830234317989845e+00
3.191843000591057855e+00
3.191844308704369748e+00
3.191831728920779820e+00
3.191839463673530108e+00
3.191818522611733044e+00
3.191831820851731116e+00
3.191850669048737377e+00
3.191828290287763714e+00
3.191830975409603699e+00
3.191824602933338806e+00
3.191816567788333447e+00
3.191844944299125686e+00
3.191817956321091554e+00
3.191828590252047793e+00
3.191839041651456377e+00
3.191840746706371412e+00
3.191862944408164093e+00
3.191916858558584202e+00
3.191845622402662563e+00
3.191868854773332043e+00
3.191855004107229998e+00
3.191859181049458094e+00
3.191853088423175056e+00
3.191852287027643786e+00
3.191847390850254484e+00
3.191836984732149496e+00
3.191839748358302753e+00
3.191834107036688906e+00
3.191910947067912119e+00
3.191847495249517497e+00
3.191837231210718606e+00
3.191846756657310991e+00
3.191865607164757535e+00
3.191883223290727933e+00
3.191870398565523459e+00
3.191866786800301892e+00
3.191864666706155873e+00
3.191888263088042965e+00
3.191946902132174468e+00
3.191893325041711194e+00
3.191900831209520284e+00
3.191890577465050338e+00
3.191887450718276398e+00
3.191900392844877032e+00
3.191902022551153628e+00
3.191892258625402157e+00
3.191898080616311084e+00
3.191873775723094386e+00
3.191884731864347291e+00
3.191883639120339566e+00
3.191902637934400211e+00
3.191876600251145391e+00
3.191878624753861970e+00
3.191872447716024741e+00
3.191863810287550063e+00
3.191880921216157407e+00
3.191890539037558039e+00
3.191882491279920409e+00
3.191868222023888535e+00
3.191861909391653818e+00
3.191874005955234406e+00
3.191875493055231328e+00
3.191884394631894661e+00
3.191864283551321790e+00
3.191877484229415085e+00
3.191891387935743563e+00
3.191916518184776841e+00
3.191975166594257285e+00
3.191901439027142295e+00
3.191925908733163286e+00
3.191913848984349489e+00
3.191919435814949857e+00
3.191911693125453198e+00
3.191911907851684216e+00
3.191904582514228927e+00
3.191890128957673767e+00
3.191944636016186276e+00
3.191889488044272749e+00
3.191896046757684235e+00
3.191884477977657397e+00
3.191884640420702191e+00
3.191895446377015055e+00
3.191895641326283339e+00
3.191887179473957836e+00
3.191892868817283624e+00
3.191870470396879877e+00
3.191881230932881230e+00
3.191880743439373891e+00
3.191902476519724807e+00
3.191879391613371197e+00
3.191882113057472381e+00
3.191867563912607952e+00
3.191884808031717480e+00
3.191895073847573538e+00
3.191892679750010231e+00
3.191874539167061098e+00
3.191868504459241862e+00
3.191881154401557286e+00
3.191887011432878118e+00
3.191867329347740423e+00
3.191879238131456464e+00
3.191891940332323596e+00
3.191892631140931691e+00
3.191913195768568468e+00
3.191969272310372308e+00
3.191897528635856851e+00
3.191924752589295089e+00
3.191909591977538874e+00
3.191916492396166483e+00
3.191913515865824724e+00
3.191913276475802252e+00
3.191907006603370789e+00
3.191897544623197192e+00
3.191900867049728863e+00
3.191894157638702545e+00
3.191976951284865471e+00
3.191913372210259503e+00
3.191905290253049809e+00
3.191914634364312775e+00
3.191936767516106332e+00
3.191954914539561372e+00
3.191940275255362280e+00
3.191943141519081095e+00
3.191933783576009098e+00
3.191931098630071073e+00
3.191955286987905982e+00
3.192010068662652245e+00
3.191960696910766337e+00
3.191965739877770769e+00
3.191956377269968392e+00
3.191955775494196956e+00
3.191968303955186492e+00
3.191969666356881952e+00
3.191956715389214327e+00
3.191964915239046796e+00
3.191943866595341461e+00
3.191956610423786422e+00
3.191955865254223035e+00
3.191975755093874767e+00
3.191954262567179956e+00
3.191956357032307512e+00
3.191951895720595900e+00
3.191942822039355754e+00
3.191959999893973610e+00
3.191970870247136549e+00
3.191947368837364074e+00
3.191941229806892100e+00
3.191956527530748655e+00
3.191957405424449945e+00
3.191964324147140264e+00
3.191944450161359637e+00
3.191953861432970108e+00
3.191965024072075163e+00
3.191966358951705995e+00
3.191988833372624956e+00
3.192043487317196782e+00
3.191970401183839900e+00
3.191994660408035145e+00
3.191980556300823224e+00
3.191985126975608544e+00
3.191979708516699876e+00
3.191978862636450032e+00
3.191973809907478365e+00
3.191963567319849648e+00
3.191965652122429553e+00
3.191960348031618100e+00
3.192038341787404310e+00
3.191974872605054081e+00
3.191962679320065721e+00
3.191972546612310779e+00
3.191991965083194049e+00
3.192009232267600360e+00
3.191995577587973365e+00
3.192002591737487016e+00
3.191992405963219870e+00
3.191990021617415074e+00
3.192018280937042540e+00
3.192073002378382540e+00
3.192019646560715795e+00
3.192026901650007353e+00
3.192016027978101356e+00
3.192013461503038219e+00
3.192026200491536514e+00
3.192027728739514458e+00
3.192018448221313420e+00
3.192023841212880519e+00
3.191999833293905908e+00
3.192010592384157963e+00
3.192008936127063823e+00
3.192029162365400019e+00
3.192003353402274701e+00
3.192004850268192140e+00
3.192000758873576149e+00
3.191990689017078164e+00
3.192007683151051545e+00
3.192013398752578279e+00
3.191995244606191218e+00
3.191988340527740498e+00
3.192001037479534897e+00
3.192002264162452807e+00
3.192011080023273273e+00
3.191991542559155182e+00
3.192003574701868018e+00
3.192017640090537345e+00
3.192018817752324988e+00
3.192042743729488929e+00
3.192102417406920800e+00
3.192026897758380777e+00
3.192052277916018976e+00
3.192040683404852697e+00
3.192045602374700586e+00
3.192037900814388429e+00
3.192038326906384338e+00
3.192031266210952900e+00
3.192117175721543632e+00
3.192171234796562285e+00
3.192117831840750153e+00
3.192123305477027717e+00
3.192111828214061031e+00
3.192111884228090890e+00
3.192124268405437171e+00
3.192121676743236769e+00
3.192111873511162212e+00
3.192118988257496959e+00
3.192096761193546683e+00
3.192107468393282410e+00
3.192106372612961263e+00
3.192126690195810745e+00
3.192105558408377064e+00
3.192108384586082259e+00
3.192101439774887695e+00
3.192093907503514405e+00
3.192112550546133409e+00
3.192124296519291970e+00
3.192116755371431580e+00
3.192101639151613046e+00
3.192097010865662998e+00
3.192109842784098817e+00
3.192116382066512603e+00
3.192095572661706182e+00
3.192108057119704689e+00
3.192119577224161731e+00
3.192120902226144086e+00
3.192142534646357888e+00
3.192198782695141013e+00
3.192125103749416049e+00
3.192150802228370221e+00
3.192139739797862585e+00
3.192148387545160393e+00
3.192142939516237288e+00
3.192143551193834750e+00
3.192135748330271472e+00
3.192125739606511914e+00
3.192130785362749190e+00
3.192123383049720431e+00
3.192205712051742417e+00
3.192143133266225785e+00
3.192134711638639821e+00
3.192144835401378611e+00
3.192164469136962168e+00
3.192182270630763430e+00
3.192169241405185431e+00
3.192172751783657336e+00
3.192162177194362904e+00
3.192160799472702148e+00
3.192182583927276607e+00
3.192240658706602119e+00
3.192189860703543047e+00
3.192193951599866963e+00
3.192184620503794701e+00
3.192186405690001560e+00
3.192197623833550324e+00
3.192199088432462251e+00
3.192187841627387890e+00
3.192195961250339664e+00
3.192174830320237078e+00
3.192187897453555578e+00
3.192186890786865572e+00
3.192206887556015449e+00
3.192185916443452509e+00
3.192188360603194663e+00
3.192181036229291280e+00
3.192173121146132608e+00
3.192190341473279069e+00
3.192202389026501219e+00
3.192193193715532562e+00
3.192178263644363412e+00
3.192187364781138736e+00
3.192187910764553660e+00
3.192194997393702494e+00
3.192175640402471259e+00
3.192184988432294368e+00
3.192195455137954774e+00
3.192197867405449418e+00
3.192219239116057317e+00
3.192275813842547105e+00
3.192202898158988056e+00
3.192226422688766441e+00
3.192213400919698518e+00
3.192218417893837756e+00
3.192211561656809415e+00
3.192213522473761778e+00
3.192205689955193382e+00
3.192195264110921471e+00
3.192197949818897929e+00
3.192191590108463206e+00
3.192272599392262045e+00
3.192208008606729486e+00
3.192195766289607217e+00
3.192205481059118277e+00
3.192224702190547880e+00
3.192242700245841114e+00
3.192229994517103098e+00
3.192236181323393041e+00
3.192225589523053575e+00
3.192223725264913270e+00
3.192249024434488991e+00
3.192306064970483970e+00
3.192253683625226657e+00
3.192259506348091858e+00
3.192249687616740328e+00
3.192249038237179537e+00
3.192261492655780852e+00
3.192262729495073170e+00
3.192254563727271233e+00
3.192260023352739839e+00
3.192237054730671542e+00
3.192247266543660533e+00
3.192247746700795030e+00
3.192265632913250162e+00
3.192239204733949620e+00
3.192240342305219247e+00
3.192235137544189083e+00
3.192226725783926078e+00
3.192243629254197135e+00
3.192254802064657948e+00
3.192246253256057376e+00
3.192230913397784420e+00
3.192223590095053520e+00
3.192237205254080834e+00
3.192237791496869370e+00
3.192246224893551254e+00
3.192227398973538577e+00
3.192240303639251930e+00
3.192253412083105868e+00
3.192256684248546250e+00
3.192279456960171569e+00
3.192339020659818782e+00
3.192263764867726117e+00
3.192289765814638525e+00
3.192277740694912325e+00
3.192282547221861666e+00
3.192274902221409860e+00
3.192276665682173498e+00
3.192268580745927675e+00
3.191939328110284801e+00
3.191997720246433357e+00
3.191943619972244850e+00
3.191948353694862739e+00
3.191937887401669727e+00
3.191937436215911195e+00
3.191949207116572040e+00
3.191949103842514290e+00
3.191940637736020658e+00
3.191945863735400124e+00
3.191922948647443636e+00
3.191933787452368776e+00
3.191934381848392732e+00
3.191933304589602560e+00
3.191934850222309272e+00
3.191928753178178368e+00
3.191919623642295978e+00
3.191936967510453194e+00
3.191947833298932835e+00
3.191940862180488558e+00
3.191926441580138274e+00
3.191920855610883123e+00
3.191934320895663646e+00
3.191934098575719414e+00
3.191939875877538579e+00
3.191920217254521575e+00
3.191932408904905039e+00
3.191945049860488215e+00
3.191945937300361802e+00
3.191966935848463027e+00
3.192022890861280437e+00
3.191951187574603832e+00
3.191977371679894038e+00
3.191962760666989141e+00
3.191970912512646752e+00
3.191967244007407167e+00
3.191967020325689131e+00
3.191961112936136047e+00
3.191952072014792918e+00
3.191954906175032303e+00
3.191947821714373745e+00
3.192031274652707751e+00
3.191967114801999017e+00
3.191959029205109211e+00
3.191969195579503094e+00
3.191990936476486240e+00
3.192008403021171503e+00
3.191993942624793856e+00
3.191997689915004432e+00
3.191988267742409402e+00
3.191984868791645003e+00
3.192005038335179457e+00
3.192064117174457483e+00
3.192014502757861916e+00
3.192018371188705128e+00
3.192009932724025667e+00
3.192009442177245582e+00
3.192022301727762024e+00
3.192022987806343082e+00
3.192011163161346587e+00
3.192018366530202211e+00
3.191997512415955196e+00
3.192010284159868760e+00
3.192010262551212563e+00
3.192028546149153101e+00
3.192008220819426256e+00
3.192010020160953143e+00
3.192004277704659998e+00
3.191995504247940652e+00
3.192012664201096417e+00
3.192024092947520764e+00
3.192015307280583247e+00
3.191999803815568360e+00
3.191993822271283143e+00
3.192010626672330709e+00
3.192017425996760860e+00
3.191997324984983120e+00
3.192007041470088513e+00
3.192018059721332790e+00
3.192019648463807258e+00
3.192042601624995424e+00
3.192097397965569794e+00
3.192025136890474180e+00
3.192048734347814332e+00
3.192034049956942177e+00
3.192039671006826840e+00
3.192032374290653784e+00
3.192032594293963133e+00
3.192027480494715075e+00
3.192017960908138274e+00
3.192019270285948007e+00
3.192013608989728191e+00
3.192093061820187039e+00
3.192028147851492470e+00
3.192015828864260829e+00
3.192026414863381234e+00
3.192045279718672912e+00
3.192062420253296562e+00
3.192049084443856710e+00
3.192056151702655331e+00
3.192046294859297362e+00
3.192043703377695163e+00
3.192067659403367230e+00
3.192125754242848501e+00
3.192073815701685469e+00
3.192079701034129524e+00
3.192069002296565650e+00
3.192065911527745214e+00
3.192079108000272836e+00
3.192080360588189780e+00
3.192071478031000886e+00
3.192077029716090752e+00
3.192053157759684012e+00
3.192063652746459201e+00
3.192062750489903067e+00
3.192081113649777091e+00
3.192056361735596592e+00
3.192057126090757535e+00
3.192052060810156355e+00
3.192043361144238034e+00
3.192060260172744801e+00
3.192070431456922819e+00
3.192061751928572999e+00
3.192047544890282751e+00
3.192040429601577856e+00
3.192053706278033420e+00
3.192055295534700576e+00
3.192063915332100432e+00
3.192044138253745889e+00
3.192056549833766077e+00
3.192071246287084829e+00
3.192072502214551299e+00
3.192096255914348646e+00
3.192155466455281143e+00
3.192080358785042371e+00
3.192105570430767703e+00
3.192092818216245131e+00
3.192099264573293738e+00
3.192091444728252014e+00
3.192091432374008164e+00
3.192084584112662604e+00
3.191920707839867699e+00
3.191913820304059346e+00
3.191911514187389720e+00
3.191924153702927480e+00
3.191913812477358725e+00
3.191920446979326087e+00
3.191897505620267417e+00
3.191910345910417668e+00
3.191928796713956906e+00
3.191910182136208807e+00
3.191913167058750389e+00
3.191907227950589121e+00
3.191918876256917947e+00
3.191929532447074891e+00
3.191920268655208393e+00
3.191906663397490185e+00
3.191899976853844301e+00
3.191919812635518827e+00
3.191918212986450953e+00
3.191907847532004627e+00
3.191920369139062519e+00
3.191922660327576988e+00
3.191943328309863048e+00
3.192000637241774186e+00
3.191927748472642712e+00
3.191954245940784585e+00
3.191942091649067059e+00
3.191947501944669252e+00
3.191939459442636462e+00
3.191942171778933357e+00
3.191934152741290109e+00
3.191924785272043152e+00
3.191925411244321609e+00
3.191921380419619592e+00
3.191998056413972940e+00
3.191935644109259673e+00
3.191923872487229641e+00
3.191932571265397645e+00
3.191950758188469628e+00
3.191967830761667013e+00
3.191953276801642758e+00
3.191955810624221179e+00
3.191948200962690052e+00
3.191945384614998993e+00
3.191967184891877363e+00
3.192025834910015458e+00
3.191972723864647143e+00
3.191976563459975491e+00
3.191966805024416765e+00
3.191965588256182595e+00
3.191981696331251062e+00
3.191985258426472072e+00
3.191977422322411329e+00
3.191983467644819328e+00
3.191959761904514359e+00
3.191971684098539708e+00
3.191973900312512935e+00
3.191990052644952502e+00
3.191968813284404405e+00
3.191970119171621434e+00
3.191964120262258842e+00
3.191956243397396253e+00
3.191974966543747350e+00
3.191986215154938300e+00
3.191979295400006578e+00
3.191964869685357975e+00
3.191957696675740142e+00
3.191977966701434521e+00
3.191969344110554996e+00
3.191975056424056767e+00
3.191951409562921338e+00
3.191964002612588835e+00
3.191977191418938986e+00
3.191979769178758364e+00
3.192001095773170150e+00
3.192059286959072928e+00
3.191986688636599290e+00
3.192015149073396785e+00
3.192003236096065955e+00
3.192010259204546951e+00
3.192002029639171568e+00
3.192002734211939252e+00
3.191995116785345754e+00
3.191863202641429975e+00
3.191854866959527914e+00
3.191883550669533332e+00
3.191852785064148712e+00
3.191869421991045730e+00
3.191854276904555032e+00
3.191865939872494451e+00
3.191875900142616462e+00
3.191878325995663790e+00
3.191899799092676293e+00
3.191954894402189158e+00
3.191881688702758346e+00
3.191906270426762227e+00
3.191892511982896696e+00
3.191897657258448096e+00
3.191890211100532504e+00
3.191891356149968662e+00
3.191885316075953050e+00
3.191874808964139554e+00
3.191876877438285298e+00
3.191871464768171851e+00
3.191948332074909800e+00
3.191883495133219117e+00
3.191873350509353280e+00
3.191883954095175113e+00
3.191903168656640144e+00
3.191921023056594198e+00
3.191907364995726137e+00
3.191914297949555834e+00
3.191904725793389463e+00
3.191902234471372335e+00
3.191923987816502883e+00
3.191983267607998886e+00
3.191931342212083411e+00
3.191937830146982513e+00
3.191923873115546595e+00
3.191939200885637540e+00
3.191938062315557101e+00
3.191929953729539360e+00
3.191936064152411934e+00
3.191911917558925893e+00
3.191922525749844475e+00
3.191923000683672740e+00
3.191913637522229230e+00
3.191915968280631066e+00
3.191911195154723213e+00
3.191902194149824901e+00
3.191929344536436730e+00
3.191920513675971627e+00
3.191906609848346399e+00
3.191899275870105246e+00
3.191913217472515996e+00
3.191922529011149923e+00
3.191901399881021728e+00
3.191915313114786379e+00
3.191929325985183308e+00
3.191930939251946597e+00
3.191953010289604542e+00
3.192013993745512757e+00
3.191937522008048145e+00
3.191963525243537880e+00
3.191951673743519180e+00
3.191956459768241494e+00
3.191948779039268658e+00
3.191950267081601567e+00
3.191942770440420851e+00
3.192135703423372384e+00
3.192189947471716138e+00
3.192141455542294892e+00
3.192140681758913523e+00
3.192129361947187327e+00
3.192128696080096084e+00
3.192141820635892024e+00
3.192139959614354705e+00
3.192132220311518775e+00
3.192135599918221711e+00
3.192114438123451858e+00
3.192124232622980617e+00
3.192125862308766049e+00
3.192145442061735672e+00
3.192122730172577416e+00
3.192126825791067990e+00
3.192119396260596709e+00
3.192110683181071717e+00
3.192131906118283791e+00
3.192139350003983633e+00
3.192136755824031447e+00
3.192121029596044490e+00
3.192118526039844362e+00
3.192128502975942084e+00
3.192131936004133586e+00
3.192134500740392955e+00
3.192116566557333890e+00
3.192128273347644818e+00
3.192139202281321531e+00
3.192140935886166098e+00
3.192164169582007993e+00
3.192217819136059287e+00
3.192146804453990683e+00
3.192171943659576350e+00
3.192160569352637367e+00
3.192165928577114897e+00
3.192162394934070058e+00
3.192158723819376043e+00
3.192155834330903996e+00
3.192148373532309513e+00
3.192149593494685966e+00
3.192140968763508280e+00
3.192229233983459480e+00
3.192161170483941213e+00
3.192152170312064108e+00
3.192160732059583950e+00
3.192183647129156476e+00
3.192198250994954911e+00
3.192184939850603698e+00
3.192192267874208067e+00
3.192182250685739131e+00
3.192176751596655482e+00
3.192199626317414829e+00
3.192259529020991859e+00
3.192210561220737208e+00
3.192210322551941371e+00
3.192203591155345688e+00
3.192200894499633179e+00
3.192218266247140779e+00
3.192212911066360626e+00
3.192204353514370929e+00
3.192211065050563512e+00
3.192189829286137481e+00
3.192200912658743395e+00
3.192204908736157698e+00
3.192224542645214491e+00
3.192201040170278947e+00
3.192200034870936509e+00
3.192194280114004634e+00
3.192186554581640134e+00
3.192206328512000368e+00
3.192217322043530814e+00
3.192208124030905481e+00
3.192195652535309680e+00
3.192188572494958354e+00
3.192200224525132857e+00
3.192200222648163166e+00
3.192204983786771866e+00
3.192187478101506493e+00
3.192199167664304227e+00
3.192209237261359522e+00
3.192211553754064735e+00
3.192236460997435632e+00
3.192291558499625648e+00
3.192216696758008787e+00
3.192244735015281609e+00
3.192233545268395201e+00
3.192240187576234511e+00
3.192230056317390208e+00
3.192233883627370261e+00
3.192227459120279054e+00
3.192220894938367248e+00
3.192215792327712354e+00
3.192210033045203676e+00
3.192298926567955775e+00
3.192232359450244417e+00
3.192216218214414258e+00
3.192222825355976124e+00
3.192244516785837760e+00
3.192260261891480155e+00
3.192248019309170459e+00
3.192252372206601407e+00
3.192245079153386289e+00
3.192242747898677901e+00
3.192262915354155073e+00
3.192324343796143271e+00
3.192273193700424727e+00
3.192279245832788881e+00
3.192265049832425206e+00
3.192263489058177584e+00
3.192281585342382488e+00
3.192280641752997639e+00
3.192272107023688132e+00
3.192276308961431663e+00
3.192252249573981349e+00
3.192260369373766338e+00
3.192262149834253382e+00
3.192279647844309398e+00
3.192258343757629291e+00
3.192266486039407880e+00
3.192257146202488460e+00
3.192251509917898744e+00
3.192266752116124540e+00
3.192279267634851703e+00
3.192269797932925091e+00
3.192252852313026246e+00
3.192243212910516714e+00
3.192257527935350225e+00
3.192254806901385411e+00
3.192263646143632894e+00
3.192239799237938769e+00
3.192258265516549898e+00
3.192272586098599874e+00
3.192275482828434985e+00
3.192294999229044361e+00
3.192355309859797874e+00
3.192278358473388700e+00
3.192309321367232666e+00
3.192293232029181471e+00
3.192305402055749308e+00
3.192304936223442802e+00
3.192303087911139592e+00
3.192294143892675073e+00
3.191933221032352108e+00
3.192019819776771072e+00
3.191961249489343011e+00
3.191954469716407949e+00
3.192003492224955608e+00
3.192060551136453928e+00
3.192008453308474270e+00
3.192009290022648660e+00
3.191999750264033153e+00
3.191996441442324084e+00
3.192009353817836903e+00
3.192009427553438972e+00
3.192000090017450997e+00
3.192003637159551932e+00
3.191983210176206676e+00
3.191998297233617610e+00
3.191994683592343840e+00
3.192012858657874208e+00
3.191991095609643114e+00
3.191995418043701349e+00
3.191988382570937866e+00
3.191981377897608052e+00
3.191999867574903949e+00
3.192008827106543656e+00
3.192004306089940346e+00
3.191991198946876107e+00
3.191984914291298825e+00
3.191998418749456334e+00
3.191999759572538231e+00
3.192005057869714335e+00
3.191986818273136350e+00
3.191995403297886558e+00
3.192009057339368461e+00
3.192011477969395994e+00
3.192031710898377561e+00
3.192089375032713061e+00
3.192016666954748505e+00
3.192043787854950132e+00
3.192031225450851828e+00
3.192037301680228367e+00
3.192029718152099793e+00
3.192029801896336227e+00
3.192021927839925777e+00
3.192016279453019134e+00
3.192017741790327712e+00
3.192010333379085463e+00
3.192090482661068318e+00
3.192028663822484180e+00
3.192019161979911868e+00
3.192026602990293505e+00
3.192047252838380533e+00
3.192063824939271655e+00
3.192047829911400125e+00
3.192053766964555006e+00
3.192045432398901816e+00
3.192043355596146270e+00
3.192065874377907786e+00
3.192125201843180715e+00
3.192075482620614579e+00
3.192076743922421578e+00
3.192067105420967277e+00
3.192067103890855684e+00
3.192079858172511830e+00
3.192079375727846280e+00
3.192070496253964773e+00
3.192075172403039840e+00
3.192052693940737207e+00
3.192068140976908719e+00
3.192065625480769331e+00
3.192086405888242329e+00
3.192064548354696107e+00
3.192068152611680087e+00
3.192062947772105197e+00
3.192054383318233768e+00
3.192073739894210060e+00
3.192084386647797256e+00
3.192076940476424873e+00
3.192063168572825127e+00
3.192058255853198023e+00
3.192070070102845936e+00
3.192071132757821950e+00
3.192077128986192669e+00
3.192058283281505648e+00
3.192067718823298428e+00
3.192080356594186430e+00
3.192083715085097140e+00
3.192104884354586947e+00
3.192161873128700034e+00
3.192088713244203735e+00
3.192114900853962656e+00
3.192102865314753846e+00
3.192108623219341190e+00
3.192100416277993791e+00
3.192100738394554771e+00
3.192093756896992929e+00
3.192085949085962326e+00
3.192086458778614411e+00
3.192079902541255620e+00
3.192161921978077022e+00
3.192098842620295418e+00
3.192084136819075990e+00
3.192090827722552593e+00
3.192108845353927471e+00
3.192126663347532922e+00
3.192111864908832697e+00
3.192114627366443358e+00
3.192104095105367190e+00
3.192102792731336347e+00
3.192126622586094697e+00
3.192184551239126922e+00
3.192132893243183389e+00
3.192134869684828402e+00
3.192124155583866862e+00
3.192124406006525472e+00
3.192141255166887959e+00
3.192142681622343492e+00
3.192134852526959943e+00
3.192138736019209500e+00
3.192116473671303023e+00
3.192129887385650733e+00
3.192130536787870287e+00
3.192146903459292417e+00
3.192123548571986547e+00
3.192122466716574181e+00
3.192114345533199948e+00
3.192133644757217503e+00
3.192143614586349099e+00
3.192137382182905103e+00
3.192117699174399359e+00
3.192130323378512990e+00
3.192134647418302773e+00
3.192115596437578251e+00
3.192124597748746240e+00
3.192137942877734336e+00
3.192140808542892394e+00
3.192163947697729043e+00
3.192221115362133155e+00
3.192177155169869440e+00
3.192164070373113116e+00
3.192170994945917162e+00
3.192163428120860846e+00
3.192161908702932926e+00
3.192155053008867593e+00
3.191991343731398700e+00
3.191960822544328558e+00
3.191874053179311499e+00
3.191869006728665692e+00
3.191945525840496067e+00
3.191883592005178016e+00
3.191881456570219378e+00
3.191899686984550399e+00
3.191905212166734174e+00
3.191895667716420970e+00
3.191912484109096670e+00
3.191910979374023238e+00
3.191911760824074129e+00
3.191928913150687386e+00
3.191932319761321413e+00
3.191924549858827564e+00
3.191931500285388967e+00
3.191907741933668774e+00
3.191919450617492604e+00
3.191922776494372282e+00
3.191937935570413387e+00
3.191914649948191851e+00
3.191918724897318427e+00
3.191911827053997452e+00
3.191903836912922454e+00
3.191922559344792631e+00
3.191933489583140826e+00
3.191926458400334177e+00
3.191906078308758055e+00
3.191916980096314749e+00
3.191899137466027270e+00
3.191912603040256702e+00
3.191924173858772917e+00
3.191926497572836752e+00
3.191949284713284651e+00
3.192006102072590057e+00
3.191934104216232360e+00
3.191949893564502982e+00
3.191957628620113230e+00
3.191949680631232855e+00
3.191948359899172694e+00
3.191941362932812609e+00
3.191931010407186076e+00
3.191988817860755834e+00
3.191936146376750383e+00
3.191938004164815101e+00
3.191928400785021935e+00
3.191926183470449985e+00
3.191939516401952837e+00
3.191940481489769610e+00
3.191930222388310145e+00
3.191934600771539898e+00
3.191913453456406646e+00
3.191927050559516754e+00
3.191925429149397697e+00
3.191943022819166753e+00
3.191921294363888162e+00
3.191926225649325932e+00
3.191918620913348104e+00
3.191910961242845346e+00
3.191929070369488031e+00
3.191939220615046313e+00
3.191933159570424117e+00
3.191920455434351656e+00
3.191914136126412505e+00
3.191927329772324740e+00
3.191927926043621522e+00
3.191934671996848216e+00
3.191924221563726682e+00
3.191938125287756556e+00
3.191940167326073219e+00
3.191960601118480234e+00
3.192018290097442534e+00
3.191945244348655564e+00
3.191972269789331573e+00
3.191959719784151162e+00
3.191966738669889114e+00
3.191958688131966149e+00
3.191958447021714385e+00
3.191951180794016185e+00
3.191944027098984282e+00
3.191944603288652704e+00
3.191939343127479844e+00
3.192015367280295113e+00
3.191956390475761740e+00
3.191947852923330498e+00
3.191955492500999192e+00
3.191976714506754131e+00
3.191993724911949215e+00
3.191976235815333851e+00
3.191983473701352825e+00
3.191974489641354218e+00
3.191972040522082832e+00
3.191991391019294522e+00
3.192051838989615309e+00
3.192001234097854745e+00
3.192005351997212248e+00
3.191994310373110544e+00
3.191995400455421628e+00
3.192008424398143251e+00
3.192009226068966310e+00
3.191999932648002414e+00
3.192005280916177412e+00
3.191982516087630284e+00
3.191995371426052497e+00
3.191995406323492990e+00
3.192015867968912346e+00
3.191993561321745165e+00
3.191998570185266004e+00
3.191992333127469106e+00
3.191983438088732861e+00
3.192002077210799982e+00
3.192012974259633040e+00
3.192005449343759960e+00
3.191991828674898279e+00
3.191986732611132194e+00
3.191998701022800145e+00
3.191998907480007919e+00
3.192005528698264261e+00
3.191982761274422487e+00
3.191995043644348051e+00
3.192008263887448294e+00
3.192011363766943166e+00
3.192032603750212694e+00
3.192089834318138752e+00
3.192016551687986148e+00
3.192042838066847299e+00
3.192030894433332211e+00
3.192036583722784204e+00
3.192028730396863967e+00
3.192028485806606586e+00
3.192021735986420694e+00
3.192012774168322409e+00
3.192012110382369983e+00
3.192007274551677209e+00
3.192086231663936680e+00
3.192024495495259906e+00
3.192011171309868001e+00
3.192019181141021456e+00
3.192037568322096508e+00
3.192055593257528745e+00
3.192040242392668148e+00
3.192043096341549813e+00
3.192032747563299022e+00
3.192031573163069513e+00
3.192052602848888920e+00
3.192111571240753953e+00
3.192059366519675478e+00
3.192063219797353302e+00
3.192051205897141308e+00
3.192052279182636454e+00
3.192069141839061874e+00
3.192071259162613472e+00
3.192062526232602782e+00
3.192067828093497095e+00
3.192044932144127767e+00
3.192056948885027889e+00
3.192059169075989189e+00
3.192074910845890123e+00
3.192051125398336353e+00
3.192056937055687271e+00
3.192050467659904633e+00
3.192041869135373577e+00
3.192061021432180290e+00
3.192070933493623919e+00
3.192050965710675925e+00
3.192045102005259594e+00
3.192057992089959662e+00
3.192056304317923310e+00
3.192063302341606512e+00
3.192039914296612046e+00
3.192052167474757507e+00
3.192065663017812138e+00
3.192068340255472148e+00
3.192090634515579506e+00
3.192148666149189129e+00
3.192075797891161582e+00
3.192104169424432758e+00
3.192091742817324995e+00
3.192098726258788766e+00
3.192090795784159774e+00
3.192090718820460360e+00
3.192083061252001031e+00
3.191935514248149364e+00
3.191929223559462070e+00
3.191922830083127494e+00
3.191987302906412971e+00
3.192010835760321630e+00
3.192091445692050833e+00
3.192043671596931365e+00
3.192013139854758208e+00
3.192009851043084545e+00
3.192023676632631091e+00
3.192039791392886183e+00
3.191897400981681177e+00
3.191952474320465694e+00
3.191900370084029603e+00
3.191905579643312674e+00
3.191892813441365995e+00
3.191903849644450730e+00
3.191904679201073680e+00
3.191894271311837006e+00
3.191902034459997317e+00
3.191877143918851356e+00
3.191887734743824812e+00
3.191888401746320270e+00
3.191911631452879039e+00
3.191885675253275600e+00
3.191888844765400357e+00
3.191884163468413416e+00
3.191875478904270036e+00
3.191890866249915693e+00
3.191902670868628000e+00
3.191896771963543156e+00
3.191878112760734076e+00
3.191890141885585841e+00
3.191896197198657248e+00
3.191874978641535243e+00
3.191887689349993007e+00
3.191898593835691855e+00
3.191900325815193895e+00
3.191922304713511238e+00
3.191976810230515493e+00
3.191904252540258113e+00
3.191931950826546682e+00
3.191918125480054602e+00
3.191924367833300469e+00
3.191922820084442947e+00
3.191921329901907800e+00
3.191917393131776137e+00
3.191908040890029330e+00
3.191911596960551378e+00
3.191905276344396469e+00
3.191989764727786838e+00
3.191928639947688939e+00
3.191914296531359607e+00
3.191923197685629265e+00
3.191944163303326309e+00
3.191963480932140218e+00
3.191952604117993531e+00
3.191939321923181971e+00
3.191964706372072413e+00
3.192020102089200062e+00
3.191971415320061123e+00
3.191973369473247946e+00
3.191964164915127355e+00
3.191962716446897108e+00
3.191975644071583851e+00
3.191975107373754561e+00
3.191961703577891996e+00
3.191970504222719995e+00
3.191950408710428899e+00
3.191962702075676006e+00
3.191965539506831817e+00
3.191984932241795470e+00
3.191965409329871051e+00
3.191960699729062156e+00
3.191978724336655304e+00
3.191955779844482866e+00
3.191950829212225837e+00
3.191965271293846218e+00
3.191952052053812494e+00
3.191962587306313548e+00
3.191972257805290702e+00
3.191974279128427572e+00
3.191996086573744229e+00
3.192053298251485316e+00
3.191979513608592889e+00
3.192004960370612654e+00
3.191991592913455467e+00
3.191995043491774986e+00
3.191990759654213416e+00
3.191988721993580747e+00
3.191982240055512232e+00
3.191974428239653605e+00
3.191977950381705842e+00
3.191969594481936401e+00
3.192051372047826963e+00
3.191991225154997558e+00
3.191975806755989797e+00
3.191982892956301665e+00
3.192003584206648981e+00
3.192020404253316901e+00
3.192005744849994553e+00
3.192013322806093623e+00
3.191999886795668484e+00
3.192000264658469089e+00
3.192026504260385700e+00
3.192081774164479580e+00
3.192030117283649382e+00
3.192036262412796255e+00
3.192024612774237102e+00
3.192020592532852863e+00
3.192037472172504220e+00
3.192024531573798285e+00
3.192029146462916245e+00
3.192005539154918026e+00
3.192019595031463819e+00
3.192015875024903693e+00
3.192037623898480003e+00
3.192012331943148595e+00
3.192014005851034231e+00
3.192009443470431584e+00
3.192015347643895051e+00
3.192027180465681457e+00
3.192019908708830123e+00
3.192003802203652540e+00
3.191998889471929779e+00
3.192013128512808606e+00
3.192012770205740146e+00
3.192020449078626587e+00
3.191999755684033602e+00
3.192013402166573144e+00
3.192025432526515605e+00
3.192028796815330693e+00
3.192052010523446448e+00
3.192110535056165155e+00
3.192036056326526872e+00
3.192063708172663272e+00
3.192050234076701631e+00
3.192057332687753046e+00
3.192049426884262076e+00
3.192049954544326162e+00
3.192043497999706325e+00
3.191893713101935148e+00
3.191889729470950510e+00
3.191920783368873415e+00
3.191907861623701326e+00
3.191899816124687206e+00
3.191898392026013997e+00
3.191911185908241855e+00
3.191901401013080175e+00
3.191936389875249525e+00
3.191932619244503222e+00
3.192028334889644547e+00
3.191901306170523256e+00
3.191878920045730261e+00
3.191894932085734826e+00
3.191927605921657918e+00
3.191923529873488707e+00
3.191956198265969658e+00
3.191959956327585779e+00
3.191948169599765794e+00
3.191971038879750200e+00
3.191980740061531208e+00
3.191957370279616679e+00
3.192005475484437138e+00
3.192001875629046914e+00
3.191991553419730288e+00
3.191994574995929312e+00
3.191842559769147769e+00
3.191881705279560943e+00
3.191972621334808302e+00
3.191967694534155520e+00
3.191959405678273853e+00
3.191957205446665835e+00
3.191956717185993053e+00
3.191851252441714415e+00
3.191978355516220667e+00
3.191939867653858620e+00
3.191964387122932845e+00
3.191952003696868712e+00
3.191956350754410199e+00
3.191951401543552169e+00
3.191949640904866659e+00
3.191941468197698306e+00
3.191933178252544856e+00
3.191936659848566116e+00
3.191930512950021726e+00
3.192006692528036371e+00
3.191947463657430983e+00
3.191937474376985939e+00
3.191944606258185768e+00
3.191963705845275889e+00
3.191980412457283034e+00
3.191967336254125431e+00
3.191961191970726475e+00
3.191961450477335482e+00
3.192043204313427474e+00
3.191990693141228075e+00
3.191995485084441420e+00
3.191982407225034457e+00
3.191994917073466720e+00
3.191998131238600767e+00
3.191984341000528858e+00
3.191988924941243866e+00
3.191982107255601164e+00
3.191979814076144617e+00
3.191973848789202872e+00
3.191977575017438618e+00
3.191963140356036011e+00
3.191982251878185739e+00
3.191966395304560500e+00
3.191961378614413203e+00
3.191974748600672651e+00
3.191976185896564733e+00
3.191963112853029472e+00
3.191975966019169331e+00
3.191990234040468888e+00
3.192014611768110743e+00
3.192072016115880650e+00
3.192000331604285535e+00
3.192027175914271542e+00
3.192013291406949449e+00
3.192022261309597209e+00
3.192015052888191651e+00
3.192013473352563580e+00
3.192006770405127369e+00
3.191903307970041848e+00
3.191917457143564008e+00
3.191920327236132504e+00
3.191959435407663470e+00
3.192003482311645435e+00
3.191877410584491148e+00
3.191931939470100232e+00
3.191939137895872136e+00
3.191924928892550195e+00
3.191964792814305341e+00
3.191965262072499865e+00
3.191947328178377674e+00
3.192014485740610308e+00
3.192008676590903704e+00
3.191889300960716991e+00
3.191950188129829780e+00
3.191894872425197427e+00
3.191898921401700839e+00
3.191888412245884599e+00
3.191887019834244832e+00
3.191899679099242437e+00
3.191889092039435383e+00
3.191894290025555581e+00
3.191872959824498146e+00
3.191902619397200880e+00
3.191880764863065156e+00
3.191878027292105013e+00
3.191870900385346932e+00
3.191897993206969542e+00
3.191877186579519687e+00
3.191871359688212451e+00
3.191884690992666584e+00
3.191884663106543840e+00
3.191889977817675472e+00
3.191867754503900034e+00
3.191882722208320367e+00
3.191895633271133015e+00
3.191895138138878707e+00
3.191916649575428089e+00
3.191900304390217435e+00
3.191928249663570138e+00
3.191922315408633359e+00
3.191917653379796604e+00
3.191916571663734103e+00
3.191908706802516260e+00
3.191901306530757765e+00
3.191904051093069850e+00
3.191897223671776640e+00
3.191974648228456335e+00
3.191913727173316673e+00
3.191908133055604502e+00
3.191917931639169481e+00
3.191939027739493895e+00
3.191956426132312341e+00
3.191939561925420943e+00
3.191946675767157515e+00
3.191936926851591139e+00
3.191933638130048934e+00
3.191950991768609303e+00
3.192013941101492946e+00
3.191962668895168331e+00
3.191966288034209676e+00
3.191958098766755292e+00
3.191958811743562663e+00
3.191972524988711424e+00
3.191971420941086546e+00
3.191961324039090275e+00
3.191967880383105971e+00
3.191945399587336141e+00
3.191960038202755978e+00
3.191956733869259821e+00
3.191952693056826718e+00
3.191962799047192600e+00
3.191973166055967592e+00
3.191964668742154565e+00
3.191950539523500385e+00
3.191944111063043099e+00
3.191958403943818467e+00
3.191960186583621351e+00
3.191966293086226703e+00
3.191943709493709314e+00
3.191968088710372964e+00
3.191968821361689912e+00
3.191991537542727020e+00
3.192047362293508606e+00
3.191972545168244579e+00
3.191998688556222596e+00
3.191984723800479262e+00
3.191989694845568604e+00
3.191982855731296809e+00
3.191984522519922152e+00
3.191977704908073310e+00
3.191968221520735227e+00
3.191969023590742083e+00
3.191963922916309926e+00
3.192040503333075652e+00
3.191979174124227381e+00
3.191965786733443888e+00
3.191976474355402438e+00
3.191996579109176224e+00
3.192013952870241589e+00
3.192001676120636677e+00
3.192008952935369681e+00
3.191996443004006867e+00
3.192017766168495640e+00
3.192079828077225123e+00
3.192026513729415704e+00
3.192031223871468981e+00
3.192020417912891261e+00
3.192018989826241882e+00
3.192031961246130756e+00
3.192032756443165198e+00
3.192025165025368594e+00
3.192029353545878578e+00
3.192006837422187271e+00
3.192017016668411422e+00
3.192018488307591273e+00
3.192009733509678426e+00
3.192012058835637767e+00
3.191998166495381373e+00
3.192015971851884792e+00
3.192017445910272144e+00
3.192002954022957972e+00
3.191995580466342464e+00
3.192008502317487117e+00
3.192009975885410356e+00
3.192017823967072676e+00
3.191996162131335968e+00
3.192011262718797315e+00
3.192026245813964547e+00
3.192027594453043182e+00
3.192051358259859750e+00
3.192110232118015922e+00
3.192033992446518198e+00
3.192061828927158285e+00
3.192048430861148756e+00
3.192055466858160884e+00
3.192048696771608629e+00
3.192047687853508009e+00
3.192039623549498550e+00
3.191811303438051528e+00
3.191871344607615679e+00
3.191817048254492750e+00
3.191823842255284926e+00
3.191810061353997252e+00
3.191808746834734922e+00
3.191820948035167138e+00
3.191820802236083221e+00
3.191810074685345722e+00
3.191817732552993281e+00
3.191791977035846717e+00
3.191804354193537030e+00
3.191805147008171417e+00
3.191827140803737528e+00
3.191791865923590876e+00
3.191808339207821366e+00
3.191818883692407738e+00
3.191813679890953548e+00
3.191798499422803026e+00
3.191795655962793354e+00
3.191806781318522912e+00
3.191812602517461350e+00
3.191790676066462495e+00
3.191803422157660108e+00
3.191816267443246868e+00
3.191816923351688651e+00
3.191838971112880952e+00
3.191894353301701237e+00
3.191820081453427438e+00
3.191846549280108469e+00
3.191836383031521507e+00
3.191842930625602204e+00
3.191838034682018321e+00
3.191833418758004637e+00
3.191823632187984039e+00
3.191827354122969140e+00
3.191822591193704817e+00
3.191900371520694613e+00
3.191841435077401812e+00
3.191831578241536960e+00
3.191840674248479726e+00
3.191861814317404900e+00
3.191879221302291736e+00
3.191865701514666753e+00
3.191870273708792283e+00
3.191858065662497523e+00
3.191855089915860422e+00
3.191877683397038812e+00
3.191937795668945643e+00
3.191883683547835471e+00
3.191888424584967243e+00
3.191877649992021393e+00
3.191881260557740241e+00
3.191893452684912091e+00
3.191868019677940094e+00
3.191880715395329915e+00
3.191884701794934109e+00
3.191904385956288337e+00
3.191881963126542043e+00
3.191885785845170798e+00
3.191880312928525587e+00
3.191871431581777774e+00
3.191888323676431050e+00
3.191896869690797445e+00
3.191875197438396317e+00
3.191869971739462741e+00
3.191884039580804799e+00
3.191869011341764484e+00
3.191881226704738506e+00
3.191892318918786664e+00
3.191894141955220920e+00
3.191914743507956675e+00
3.191972868298300181e+00
3.191898767380127566e+00
3.191923154771103555e+00
3.191911993261141056e+00
3.191909933674849764e+00
3.191909571898332576e+00
3.191901670574286420e+00
3.191892393005618445e+00
3.191896052113462723e+00
3.191889625408943498e+00
3.191965449094146923e+00
3.191906854592708509e+00
3.191896515555678437e+00
3.191903616223425555e+00
3.191922586389786876e+00
3.191939047086838066e+00
3.191925915636013134e+00
3.191933463535132631e+00
3.191919624773206010e+00
3.191919833274941443e+00
3.191944054402339415e+00
3.192002732189773706e+00
3.191948783160710512e+00
3.191956176610483364e+00
3.191942109835552266e+00
3.191942307798812717e+00
3.191953914568588235e+00
3.191957599039505045e+00
3.191943418471388405e+00
3.191948850757667433e+00
3.191926854789123968e+00
3.191941948617252667e+00
3.191939677198717629e+00
3.191956611090473572e+00
3.191933836296176441e+00
3.191932447225541924e+00
3.191923098806887182e+00
3.191938561721995971e+00
3.191949594758626052e+00
3.191925952690934487e+00
3.191921093028720069e+00
3.191934316774740488e+00
3.191935491720605533e+00
3.191942637967198237e+00
3.191921614758884029e+00
3.191935903142422593e+00
3.191952014413376393e+00
3.191973716901556291e+00
3.192031595638662012e+00
3.191959013128895517e+00
3.191972585289407860e+00
3.191981373110360565e+00
3.191973835629110301e+00
3.191972470544971241e+00
3.191965879822274754e+00
3.191887630402886256e+00
3.191949368731776815e+00
3.192008341245177405e+00
3.191959721303323949e+00
3.191952419838759436e+00
3.191965265922242612e+00
3.191965559309976719e+00
3.191954604676855212e+00
3.191961542746591718e+00
3.191939173936920948e+00
3.191951036446639911e+00
3.191950932179741240e+00
3.191950027227507203e+00
3.191952835874185102e+00
3.191948446348707336e+00
3.191941091663938135e+00
3.191959514590982927e+00
3.191960985112434646e+00
3.191947106518632449e+00
3.191941044491291457e+00
3.191953706075842057e+00
3.191960075667955365e+00
3.191941006244836121e+00
3.191949792663196117e+00
3.191963944389516694e+00
3.191986874471017366e+00
3.192042213553200725e+00
3.191969186431431904e+00
3.191995966868331980e+00
3.191985181750217837e+00
3.191990176951397196e+00
3.191982868371752602e+00
3.191982789320725988e+00
3.191974390126779859e+00
3.191966541141705527e+00
3.191968359838826874e+00
3.191961356131525651e+00
3.192041894146064873e+00
3.191978622664040088e+00
3.191964234354588204e+00
3.191973807101920801e+00
3.191992218288740801e+00
3.192010428783903730e+00
3.191995698664816139e+00
3.191998395705328395e+00
3.191986998945438803e+00
3.191984810391308436e+00
3.192007132275158199e+00
3.192064644833796372e+00
3.192011417881995605e+00
3.192015754654051296e+00
3.192003292169581119e+00
3.192005413386643120e+00
3.192022486579157547e+00
3.192025241310288308e+00
3.192016824606267900e+00
3.192022776019853403e+00
3.191999911568770720e+00
3.192010853952669702e+00
3.192013697561138841e+00
3.192030354256234048e+00
3.192006052521572101e+00
3.192009844384799955e+00
3.192003402502209930e+00
3.191995472713014426e+00
3.192014288814310152e+00
3.192024982375419651e+00
3.192017922648636041e+00
3.192004963804932149e+00
3.191998544727265852e+00
3.192009331842691200e+00
3.192010328833110311e+00
3.192015393158690539e+00
3.191995234869768439e+00
3.192004661566103518e+00
3.192016722162462461e+00
3.192019882872415337e+00
3.192043128367952232e+00
3.192099915997133497e+00
3.192026706032625505e+00
3.192055877293847654e+00
3.192044167747500882e+00
3.192049129224284520e+00
3.192041540566854074e+00
3.192042605949245715e+00
3.192033089063898377e+00
