4.260101763671104713e+00
4.260091868107641844e+00
4.260105971038123052e+00
4.260103859804299731e+00
4.260105970916389317e+00
4.260107740380355779e+00
4.260109826525135368e+00
4.260105755392151750e+00
4.260110107719124350e+00
4.260111997155132890e+00
4.260112477809485654e+00
4.260108358516543348e+00
4.260108516438142701e+00
4.260110350551522984e+00
4.260108648654742147e+00
4.260110865514397105e+00
4.260109438036905338e+00
4.260107884657402977e+00
4.260106617707923427e+00
4.260106243407872917e+00
4.260106529738200365e+00
4.260106115937774440e+00
4.260104365205059196e+00
4.260110424791268890e+00
4.260110525592224029e+00
4.260109906526015955e+00
4.260110030901325118e+00
4.260110093725228531e+00
4.260110128554837949e+00
4.260110028347630085e+00
4.260110091815711542e+00
4.260098220100810629e+00
4.260109939316962802e+00
4.260105891843235071e+00
4.260107841191360656e+00
4.260105501438738784e+00
4.260104853892574539e+00
4.260104773779120890e+00
4.260104322127744148e+00
4.260106396486509794e+00
4.260105899754006664e+00
4.260103441798515078e+00
4.260093422027272148e+00
4.260103068350161948e+00
4.260103309015322637e+00
4.260103301936140952e+00
4.260103303161768551e+00
4.260090596628249848e+00
4.260094242674838938e+00
4.260094633188089119e+00
4.260095192653156282e+00
4.260094850641163333e+00
4.260092191160666175e+00
4.260082417977251623e+00
4.260097352312247843e+00
4.260095332374602251e+00
4.260096775188132234e+00
4.260098265733893719e+00
4.260100787561619029e+00
4.260096812247267550e+00
4.260100664392203917e+00
4.260102551900808443e+00
4.260101897888898037e+00
4.260098629655601599e+00
4.260098208738458681e+00
4.260099658895868835e+00
4.260098331050413911e+00
4.260100122744924889e+00
4.260098805394673782e+00
4.260097697172247955e+00
4.260095850737982026e+00
4.260096096760359607e+00
4.260096255016297739e+00
4.260096756256335659e+00
4.260094845496047888e+00
4.260100177659476905e+00
4.260100195992042593e+00
4.260099912018698198e+00
4.260099802537090419e+00
4.260100179822003952e+00
4.260100120840659699e+00
4.260100220644867264e+00
4.260100245756148318e+00
4.260087722435837776e+00
4.260099330109084370e+00
4.260095719942918358e+00
4.260098165463615416e+00
4.260095912117510153e+00
4.260095533365312548e+00
4.260095650454982952e+00
4.260095354055431827e+00
4.260096918202363803e+00
4.260096506166400232e+00
4.260094909515017569e+00
4.260084984602311664e+00
4.260094708245061312e+00
4.260093818106668984e+00
4.260094364806202627e+00
4.260094498991317202e+00
4.260082278698048341e+00
4.260087231271526775e+00
4.260086775643816992e+00
4.260087131295656526e+00
4.260087134293074840e+00
4.260084908920508617e+00
4.260074613895792339e+00
4.260088294629314376e+00
4.260086445850946646e+00
4.260088344388068826e+00
4.260090142662610546e+00
4.260092349393092448e+00
4.260088356833331424e+00
4.260092822107985455e+00
4.260094279075358870e+00
4.260094588396853510e+00
4.260090524854481586e+00
4.260091443400333411e+00
4.260093416892516416e+00
4.260091453893267044e+00
4.260093763224454655e+00
4.260092540818695817e+00
4.260090641147185941e+00
4.260089161198640895e+00
4.260089450399974886e+00
4.260089720113872325e+00
4.260090130782318241e+00
4.260088181988420430e+00
4.260093584177601755e+00
4.260093739534569934e+00
4.260093453852829448e+00
4.260093509761515129e+00
4.260093206580469527e+00
4.260092953356135581e+00
4.260092444243633203e+00
4.260092572254171372e+00
4.260080669667327236e+00
4.260091612063858335e+00
4.260087841524529573e+00
4.260090008322955590e+00
4.260088186926290099e+00
4.260087827241279435e+00
4.260087738616099351e+00
4.260087966118723202e+00
