2.224313785698880164e+00
2.242237608398566007e+00
2.213622339209789569e+00
2.233166014924333975e+00
2.235970620132204711e+00
2.247412720456052337e+00
2.238073689367977348e+00
2.225638327880572032e+00
2.233318120913052152e+00
2.245406046737568939e+00
2.250784653914249756e+00
2.217150091296841818e+00
2.237364688299519511e+00
2.231038957413827628e+00
2.251762585814387929e+00
2.238087676307370710e+00
2.210410319443665284e+00
2.240620052760957659e+00
2.239315926326069128e+00
2.266510965701852509e+00
2.251561138515624005e+00
2.246375748862303734e+00
2.230122942218597526e+00
2.239327436501864721e+00
2.235920173480847151e+00
2.215838516628421129e+00
2.238978954945535005e+00
2.234660026741150940e+00
2.244443732100760425e+00
2.243170727158142252e+00
2.243524135012874066e+00
2.230112324957528980e+00
2.233595798575831903e+00
2.245506747135775694e+00
2.234879532204443020e+00
2.243963383061666317e+00
2.220804880827015548e+00
2.240223908271898434e+00
2.240283608498996326e+00
2.244923820712072082e+00
2.239652587201474088e+00
2.215827634434615501e+00
2.247659873648783613e+00
2.230729094338014473e+00
2.205617293265729639e+00
2.244773025694255519e+00
2.235641917880227592e+00
2.234441835872073678e+00
2.241511685903444739e+00
2.242188449309990173e+00
2.249457550699614838e+00
2.231516811705885228e+00
2.240939640645931430e+00
2.214087225570208428e+00
2.237848868606645336e+00
2.233432191191466298e+00
2.244991373034847637e+00
2.247504996943914701e+00
2.198250389861184484e+00
2.226930369575141011e+00
2.248681463118825885e+00
2.237980158547995924e+00
2.238042633072493626e+00
2.252734178730290804e+00
2.241493799769612050e+00
2.249740174857831843e+00
2.248913051404767938e+00
2.251195796521299197e+00
2.233397884999815286e+00
2.238369880180810068e+00
2.243551138718200999e+00
2.232335429732072551e+00
2.254811570749664096e+00
2.226662848861790334e+00
2.245670535604856521e+00
2.253103131983036800e+00
2.260457940907597330e+00
2.252218043274294867e+00
2.239096377524558701e+00
2.247454268960834778e+00
2.258907357613222810e+00
2.243954988746847956e+00
2.219578625530628013e+00
2.240871407249753755e+00
2.253077802986692912e+00
2.282099567182510835e+00
2.266639604798567742e+00
2.252346791883267141e+00
2.256643686829759243e+00
2.260453692314056351e+00
2.273625603982052379e+00
2.267099526376112006e+00
2.243728957980008598e+00
2.253590263725411713e+00
2.229199116047423157e+00
2.251450462694717825e+00
2.259240306649755947e+00
2.256567397282535747e+00
2.256696271732150816e+00
2.207451436082462859e+00
2.258140531609681201e+00
2.249359707772780492e+00
2.247304785018284345e+00
2.258911583618553376e+00
2.248079932571497519e+00
2.249371736571217806e+00
2.255558337868249108e+00
2.234068959430940193e+00
2.256649869692521460e+00
2.257776531712918366e+00
2.253681070765194416e+00
2.243942174522655986e+00
2.243482530884987280e+00
2.257274643026901284e+00
2.229263928685097707e+00
2.249672052428193236e+00
2.236259198377977153e+00
2.260497089105681479e+00
2.214090305268880510e+00
2.250576363387947421e+00
2.257262981039159566e+00
2.262675034565743371e+00
2.237590066581331083e+00
2.250858892283870372e+00
2.259534165447801168e+00
2.260715396810380806e+00
2.247259945772837053e+00
2.260781550802560158e+00
2.251933802497317227e+00
2.254771284279283972e+00
2.261143530769002208e+00
2.233730426189706630e+00
2.261615421265330550e+00
2.221439830862775633e+00
2.258743264651000171e+00
2.248583479691658393e+00
2.249938875299674290e+00
2.233352952254106238e+00
2.219042928658607305e+00
2.251918243279758425e+00
2.241983719903030359e+00
2.237466307166071200e+00
2.242134430856251637e+00
2.242979581268398359e+00
2.269429578274409831e+00
2.255589272588392813e+00
2.240943458022113699e+00
2.255208289145000489e+00
2.239783817497366325e+00
2.228399475606690938e+00
2.244851564979851499e+00
2.238484059029472117e+00
2.244757227493435092e+00
2.229043499096744707e+00
2.247556655375885892e+00
2.253019857955789629e+00
2.222259115175572841e+00
2.243648319353494625e+00
2.243483348005609113e+00
2.246228158453047907e+00
2.272354744208653354e+00
2.258430130546796644e+00
2.239765194137701254e+00
2.249336044601134343e+00
2.254015691672859756e+00
2.246697061955044372e+00
2.241371999449481844e+00
2.249856107965908958e+00
2.241658421440772653e+00
2.230671944059165579e+00
2.238828526763538829e+00
2.237687633190714731e+00
2.241209874234070920e+00
2.228227086618628672e+00
2.248155690621613356e+00
2.242398762012951519e+00
2.246794893014791850e+00
2.249848417632617892e+00
2.242521749247314400e+00
2.233987092163258747e+00
2.237581435922491035e+00
2.222300818702931391e+00
2.240855926505671558e+00
2.252284164812178968e+00
2.242547482503139289e+00
2.219367853635615173e+00
2.246984772287758059e+00
2.243115361719217216e+00
2.198474789483382263e+00
2.234370079438915635e+00
2.242220396791478887e+00
2.259170785404760462e+00
2.249163792394254013e+00
2.215473628670677098e+00
2.243349871270081675e+00
2.253491872123729589e+00
2.258688032650409294e+00
2.246724862344078755e+00
2.246040679130599127e+00
2.252951842689865369e+00
2.258314300271420105e+00
2.248738670364216485e+00
2.244508734600228816e+00
2.256777545313636946e+00
2.260823919308788899e+00
2.242545199758408270e+00
2.220961302777821000e+00
2.254028786316437216e+00
2.216561482851941545e+00
2.272257404428385197e+00
2.263304704556615032e+00
2.251158495476031529e+00
2.247370910846027581e+00
2.226971500441661700e+00
2.254687378453352320e+00
2.254425155646797574e+00
2.240516845344811880e+00
2.241928658866070290e+00
2.257740499003941803e+00
2.245996279944959095e+00
2.257331263855574033e+00
2.246579772974084843e+00
2.246487128388478194e+00
2.257557138062450175e+00
2.232633836224406476e+00
2.256932629486184450e+00
2.256449633509871600e+00
2.250693116144473205e+00
2.242546422359848801e+00
2.256169179195919750e+00
2.259986008699340854e+00
2.247274872553587155e+00
2.236394575726419642e+00
2.217175270078653337e+00
2.258059815762633260e+00
2.261022901435123966e+00
2.248572720335230368e+00
2.250413999887766803e+00
2.251065369262730709e+00
2.232593575897906302e+00
2.275093545388583660e+00
2.214782540667781685e+00
2.248212728244877834e+00
2.253952411220664143e+00
2.261175116713727729e+00
2.243579949827333220e+00
2.249464785721099869e+00
2.249101415825291550e+00
2.245012526310572465e+00
2.258451363266883671e+00
2.254184976400549711e+00
2.242153278810517403e+00
2.245932875661080796e+00
2.260065936329849645e+00
2.250697668812902119e+00
2.263827598764576177e+00
2.252829689753750753e+00
2.252771442828245707e+00
2.262821128669540993e+00
2.259676955224674710e+00
2.243630114145046317e+00
2.247562691551590941e+00
2.259980866320913773e+00
2.231749997922859219e+00
2.247959615282295598e+00
2.265706806176579047e+00
2.268377547719180765e+00
2.258258440472557194e+00
2.277727419630762196e+00
2.247861111155768921e+00
2.269284329630634200e+00
2.274612805562126194e+00
2.282679372622394620e+00
2.273382767177620334e+00
2.261088109618524467e+00
2.268485487115638133e+00
2.280468648975781942e+00
2.284882600815419718e+00
2.252628814375041255e+00
2.274375299767482428e+00
2.266950169334447818e+00
2.273611720025085159e+00
2.244031962617666576e+00
2.274840633023470726e+00
2.273706756054477918e+00
2.299589620250797051e+00
2.285814217750496535e+00
2.274143739413827969e+00
2.275950757925554679e+00
2.238954802288387835e+00
2.276868006904007924e+00
2.280326411791973040e+00
2.293275512708303321e+00
2.265420349876988038e+00
2.273456318557916855e+00
2.270148433067900040e+00
2.250236971127944852e+00
2.273572651385732168e+00
2.267475880868571547e+00
2.277692611506265674e+00
2.229364811193816021e+00
2.280688518451254421e+00
2.270691946595432054e+00
2.269254191985735414e+00
2.280844698317762376e+00
2.269057021321029932e+00
2.270493623711101971e+00
2.261355886614749178e+00
2.279698416286462415e+00
2.254568757874719775e+00
2.276143155549787078e+00
2.281107825597357586e+00
2.275017875651653920e+00
2.266102329684938521e+00
2.279638246881402264e+00
2.284138088456641125e+00
2.251835358052969749e+00
2.272171853553229592e+00
2.259718903666223522e+00
2.240599472754522647e+00
2.272698051122117757e+00
2.280388533478342250e+00
2.271169661642372883e+00
2.274506475095447566e+00
2.255615929831035427e+00
2.274116672938246264e+00
2.237182262352459983e+00
2.270347074410435706e+00
2.276541805389681539e+00
2.275940331677131834e+00
2.249416631727397142e+00
2.266771614114757138e+00
2.281827905878001328e+00
2.278266163727378224e+00
2.241156219161550833e+00
2.264073075784037936e+00
2.234762875298654361e+00
2.252941243393022486e+00
2.259921470688480039e+00
2.263939002971480985e+00
2.255748460779611886e+00
2.261627166748096496e+00
2.269054954417240477e+00
2.237341985713326320e+00
2.256289675075092926e+00
2.258086929661769826e+00
2.269205278639785828e+00
2.267768865468267503e+00
2.257908248520036576e+00
2.259358961585801406e+00
2.258735875415593508e+00
2.273835308910063358e+00
2.258944437352963686e+00
2.248019651163529087e+00
2.260475409924081358e+00
2.254178230502814184e+00
2.217265447485826879e+00
2.249117764572131417e+00
2.264736205853180362e+00
2.254225128380196619e+00
2.250014777007434130e+00
2.261604219816147232e+00
2.261970197407774830e+00
2.255149216182301242e+00
2.243515729455336949e+00
2.246860145082789639e+00
2.259607971816533389e+00
2.231953581818513666e+00
2.248983586300139503e+00
2.218943087143995907e+00
2.251469037542844998e+00
2.262788290090609333e+00
2.250869902069096096e+00
2.256345071465032159e+00
2.214254065547263561e+00
2.256484048235163353e+00
2.257289530935847832e+00
2.258155916218240744e+00
2.270635918504124273e+00
2.264119833110382896e+00
2.245805830555466454e+00
2.256340952508592235e+00
2.251362514114132463e+00
2.228128714857800841e+00
2.248007470535183128e+00
2.258286017319730998e+00
2.261736226532432337e+00
2.216464590805683255e+00
2.245373319403936474e+00
2.247889366897309227e+00
2.262970983610328002e+00
2.256290265618870361e+00
2.256749503802664147e+00
2.268455567210819535e+00
2.260673607564169796e+00
2.254082452929535574e+00
2.242823913852587392e+00
2.261149086226166727e+00
2.263563587960673029e+00
2.272541544608313924e+00
2.264053490672720326e+00
2.250494989694286740e+00
2.267126434997860596e+00
2.237815086030875644e+00
2.252516028543479987e+00
2.229721083102729207e+00
2.261160706734356207e+00
2.272602671220736337e+00
2.262117231314616728e+00
2.265351036109789273e+00
2.264650512056730403e+00
2.223184476590402081e+00
2.289562868526670680e+00
2.265445590902343209e+00
2.259200711722994637e+00
2.268579728803272300e+00
2.280041397111629120e+00
2.251086096586502716e+00
2.234504731832541946e+00
2.204055893325060023e+00
2.201654600608205836e+00
2.207483232975048448e+00
2.206290100938870236e+00
2.198622826410994602e+00
2.211759258211029699e+00
2.204327523374556730e+00
2.206773698581967036e+00
2.160021659963488272e+00
2.171444522841623037e+00
2.199864812670282443e+00
2.200650452316037953e+00
2.199022689550358844e+00
2.209045648219100766e+00
2.241669262092157222e+00
2.211894941016223637e+00
2.230850266961394990e+00
2.240256169538267894e+00
2.232985610223179318e+00
2.265653722061299558e+00
2.250943535222857061e+00
2.228619751686662820e+00
2.244415534712968618e+00
2.233215713258684954e+00
2.241928312819707170e+00
2.247627437360504299e+00
2.230955415990249602e+00
2.244818516906318617e+00
2.234750849536906170e+00
2.245522046585731513e+00
2.245910620593574603e+00
2.256247837302223669e+00
2.277078664678354070e+00
2.243684779587508782e+00
2.265706390181660534e+00
2.273388436363004583e+00
2.275993202032507323e+00
2.269603521593805961e+00
2.259395175891652396e+00
2.262563590699412597e+00
2.273927546637648955e+00
2.281248135849066383e+00
2.248303980548028047e+00
2.268887963859808732e+00
2.260894366947352463e+00
2.281172986466569963e+00
2.238968541743472596e+00
2.271835583104573342e+00
2.281749620584489602e+00
2.269042635763523830e+00
2.272845554160196624e+00
2.254282453498374306e+00
2.292223198520671357e+00
2.281090108114879111e+00
2.267313553559913597e+00
2.234922117740777647e+00
2.264298284372441739e+00
2.276469409122112264e+00
2.288848475651318548e+00
2.282893983187475495e+00
2.264044087007389461e+00
2.271019133393904266e+00
2.264375762230654399e+00
2.273481378780954909e+00
2.267779993593192156e+00
2.219391314635456691e+00
2.260875126630251142e+00
2.263510593504404422e+00
2.276204233730707127e+00
2.266060032507764443e+00
2.262740938332965523e+00
2.267350605871568003e+00
2.268854410479773431e+00
2.256473636259440863e+00
2.246518342265401369e+00
2.267054211926390561e+00
2.272379072570513525e+00
2.280453841143182725e+00
2.270508981077453026e+00
2.259429791447812530e+00
2.263570296361533618e+00
2.265858450006246638e+00
2.257264927743447114e+00
2.276860771204153533e+00
2.265293595695081930e+00
2.237170218893309137e+00
2.268332321739078505e+00
2.275650079324120778e+00
2.279406686408603999e+00
2.271370574294562683e+00
2.268920997071288692e+00
2.250795084731178175e+00
2.281277694905268216e+00
2.268117045562005440e+00
2.276219697201893322e+00
2.279694339637442280e+00
2.267309749302169219e+00
2.261686023840750348e+00
2.272628843201343951e+00
2.274589338560756513e+00
2.269864483977355629e+00
2.221110619856515367e+00
2.256300296750507695e+00
2.271207632635762419e+00
2.247383253291329819e+00
2.277343609465331209e+00
2.258487695821370433e+00
2.274648236430150572e+00
2.275978190637031329e+00
2.266059745589016128e+00
2.220488413437462949e+00
2.235664690869155091e+00
2.244794760655734134e+00
2.252601263526000874e+00
2.243156887473558125e+00
2.230981527257765773e+00
2.237881497259988972e+00
2.249490798273084291e+00
2.253834597554030150e+00
2.242558379008526170e+00
2.243238053270940835e+00
2.254960583345107406e+00
2.242769239944207182e+00
2.226382812576728210e+00
2.268972419435838273e+00
2.257764898440539181e+00
2.242591774000286531e+00
2.245368374616075524e+00
2.209542016535235742e+00
2.241929143876061570e+00
2.246633788442179647e+00
2.250218819432004747e+00
2.263506490134884697e+00
2.254234628205492807e+00
2.234966039345292810e+00
2.243984441133873187e+00
2.219896476695337295e+00
2.242724424919968040e+00
2.249456498549645911e+00
2.247380239832521109e+00
2.198579183751915078e+00
2.232766676285334650e+00
2.234942347952480812e+00
2.251657035568994214e+00
2.242380845836689840e+00
2.240306356837434176e+00
2.249939464473525330e+00
2.241382951022044434e+00
2.241454517033387273e+00
2.230381686600819702e+00
2.250082637114926509e+00
2.226570096721045555e+00
2.242831380422442233e+00
2.245087352887819687e+00
2.248805483260523541e+00
2.253711069024800562e+00
2.241079311654741613e+00
2.229039797789025723e+00
2.238054681229980414e+00
2.209884237728144907e+00
2.241901070097012560e+00
2.249281270984395231e+00
2.252837836625642520e+00
2.242914791453015422e+00
2.224454423448603446e+00
2.266052772137525206e+00
2.239651865537778175e+00
2.247807822730690130e+00
2.236774360607680645e+00
2.219373909927069288e+00
2.241910935144344474e+00
2.236501345623307824e+00
2.250532224324499619e+00
2.249176687796646146e+00
2.200325336672447119e+00
2.253877718194414737e+00
2.244374909235486992e+00
2.255348699927819833e+00
2.246825711340532106e+00
2.250553730167891953e+00
2.248939402447488245e+00
2.231240536883317471e+00
2.258861297351697939e+00
2.230468644958475632e+00
2.251133470964757688e+00
2.257769706655265107e+00
2.260948795667557132e+00
2.254398027394584059e+00
2.244231801397288617e+00
2.247413246737207881e+00
2.258789427536723959e+00
2.264916839384679914e+00
2.233224653685053962e+00
2.247121905779633888e+00
2.265993587858586178e+00
2.253176670489322131e+00
2.222654258441705277e+00
2.256424243127410190e+00
2.267384570806937116e+00
2.265697667217975830e+00
2.255170519322516665e+00
2.256520699552422737e+00
2.256325129722538403e+00
2.284550694110405455e+00
2.270640547565105916e+00
2.256658863105255985e+00
2.220995755537158001e+00
2.261137488139409069e+00
2.267628162047228724e+00
2.256500195109649720e+00
2.255490109603213167e+00
2.231562437373211250e+00
2.249430452832255067e+00
2.257200957126995089e+00
2.251780398220828427e+00
2.211212768257039496e+00
2.230804243517352514e+00
2.245508840190721056e+00
2.251171465523950754e+00
2.260555784000300772e+00
2.262933027977053424e+00
2.232202508291491139e+00
2.250728993977188619e+00
2.261394294509839309e+00
2.241254233960714881e+00
2.248674395307714402e+00
2.261945089590310598e+00
2.231369289820347657e+00
2.251399696954420104e+00
2.262727629906974069e+00
2.246270443658997973e+00
2.221664283727475375e+00
2.259874269305780725e+00
2.256840652717753581e+00
2.238195116088829817e+00
2.281880427775374809e+00
2.268339322464723917e+00
2.259201585374169152e+00
2.258772220269859243e+00
2.260226533013221850e+00
2.271107520230541521e+00
2.246737723186126967e+00
2.251015953619341925e+00
2.230799838368964227e+00
2.251036382280856341e+00
2.255805864558394713e+00
2.255365094858686970e+00
2.213833107602451999e+00
2.230492253489385401e+00
2.254673754730786239e+00
2.265087630865080026e+00
2.253871711462009042e+00
2.234772462755242994e+00
2.254499530885252678e+00
2.262590621779393185e+00
2.250279256268752359e+00
2.266655284048054053e+00
2.235526018775542578e+00
2.260721527178814139e+00
2.269565859982205946e+00
2.260664508148008789e+00
2.246863156462720834e+00
2.225203739337869191e+00
2.227114963446067630e+00
2.250718176011785143e+00
2.217989708113234482e+00
2.240756885659604958e+00
2.247649615394832434e+00
2.253001022493774652e+00
2.246033908306683369e+00
2.235119624894080115e+00
2.236779634350339219e+00
2.248573239023924142e+00
2.256712689136177286e+00
2.223727256627396454e+00
2.244117381194539629e+00
2.233705738115302264e+00
2.254866182824910137e+00
2.244940924450018027e+00
2.212006549341706485e+00
2.244043505972511010e+00
2.253242406288334276e+00
2.254264802370128162e+00
2.245646848573185306e+00
2.231691577555918737e+00
2.261618975207054572e+00
2.247608171530484977e+00
2.243784639496423150e+00
2.248136440336336417e+00
2.264083030526987894e+00
2.248585067929409487e+00
2.241729114758070462e+00
2.240963235094225237e+00
2.196051732201792728e+00
2.232791096275602793e+00
2.238355540500717833e+00
2.254031772651840182e+00
2.242406612759962226e+00
2.238139078933497839e+00
2.254493279802884498e+00
2.246044700806917316e+00
2.244678355179414719e+00
2.228672462789629716e+00
2.253432453931848212e+00
2.222573269296615361e+00
2.244232911660785756e+00
2.247094185526859800e+00
2.254853837455582433e+00
2.236064572265261230e+00
2.237194919161536344e+00
2.253723492824631247e+00
2.220685560026820493e+00
2.241923441283800056e+00
2.253963164051695056e+00
2.210229545662512063e+00
2.239500880729563104e+00
2.249575115585796592e+00
2.241938141438024612e+00
2.247431621288112691e+00
2.211576670618908391e+00
2.250939801808269802e+00
2.262995996262814113e+00
2.254063776729478885e+00
2.246558832866296651e+00
2.220022234658356464e+00
2.240745873408739097e+00
2.238189842452582123e+00
2.246020707671389172e+00
2.199233554116856393e+00
2.230313498005441541e+00
2.254089747215969108e+00
2.247991297000905941e+00
2.248191455659136917e+00
2.251356151707111675e+00
2.236974519761813607e+00
2.260341377686129416e+00
2.227589173172416448e+00
2.251606439418308181e+00
2.260501379751074236e+00
2.255451225942804339e+00
2.242225319984183951e+00
2.256095313185367157e+00
2.226573694771898371e+00
2.252222879039775361e+00
2.239076935457317230e+00
2.254414621890871384e+00
2.220016273776648230e+00
2.250791398574276680e+00
2.258369555026999986e+00
2.269364413463902164e+00
2.260804637476096612e+00
2.240087877470043676e+00
2.246021394827264483e+00
2.224470408324689341e+00
2.182277647071257487e+00
2.209600500412759683e+00
2.177529175026959418e+00
2.200444209984764310e+00
2.206676757355692242e+00
2.216099882706314528e+00
2.208545173484024016e+00
2.200918721489754315e+00
2.217700088775470757e+00
2.218987867245684864e+00
2.184324994601750003e+00
2.205729411597528777e+00
2.214281417373169969e+00
2.178569631537468521e+00
2.210411491812008133e+00
2.223323407060545431e+00
2.211623205843577633e+00
2.183985623772398466e+00
2.185241632608492690e+00
2.189784398869162541e+00
2.163194953752733962e+00
2.190439866534914071e+00
2.194484206168679119e+00
2.219280639804876554e+00
2.206114185868839339e+00
2.194249539412337580e+00
2.197697337604151979e+00
2.209905186716466741e+00
2.205209940702727689e+00
2.181427904919244209e+00
2.163937663038266290e+00
2.175421739071337068e+00
2.192177122779182863e+00
2.184354919078712154e+00
2.190405293832666356e+00
2.172088043375536071e+00
2.217348849503648633e+00
2.202574455937676756e+00
2.185434263463091664e+00
2.199885434511654747e+00
2.179269604936278082e+00
2.197290517531880649e+00
2.210094295091832972e+00
2.225827714390559375e+00
2.227420007749854047e+00
2.220711454626664416e+00
2.208965705598982421e+00
2.224493838477540120e+00
2.233371035115621961e+00
2.218403565990113346e+00
2.219602964827115610e+00
2.222086959011674079e+00
2.231513714290142669e+00
2.222930580015256563e+00
2.223647054647810872e+00
2.221800167119224678e+00
2.206395881059959319e+00
2.251781568480962559e+00
2.238998530550927679e+00
2.224444492273503382e+00
2.187375658810990497e+00
2.223254715336222542e+00
2.239818256068699664e+00
2.233163828013628116e+00
2.224013273766329402e+00
2.217582549876281117e+00
2.196901149610309911e+00
2.225223145577726935e+00
2.219101171794134242e+00
2.183414986854243178e+00
2.229970254804013674e+00
2.210903753904401636e+00
2.226311274237216420e+00
2.227615347151866043e+00
2.214257651511386538e+00
2.198018579542574624e+00
2.229532426297507808e+00
2.221172659703027019e+00
2.203715470659174169e+00
2.248019500834741446e+00
2.235593385066406480e+00
2.222837578767323574e+00
2.223675440024405869e+00
2.220073685956660992e+00
2.223983653398133864e+00
2.225483835603197402e+00
2.237308155223670436e+00
2.229237597886024158e+00
2.221133564939348215e+00
2.215084447371621135e+00
2.220965469038558293e+00
2.208318471463710519e+00
2.229177668871896056e+00
2.222089500947615814e+00
2.225411499314757346e+00
2.215678679732147938e+00
2.231366896596225669e+00
2.202579116512195068e+00
2.226895116781404393e+00
2.238450640089352017e+00
2.226398366265809781e+00
2.228460838895782725e+00
2.255500135841427944e+00
2.231571935475697099e+00
2.236299823887745841e+00
2.215196776223817832e+00
2.220243186874083730e+00
2.222255336139480786e+00
2.252517657197242951e+00
2.223192343401135584e+00
2.239975139784403435e+00
2.251621459679879589e+00
2.255407324250993550e+00
2.247452498550953859e+00
2.237046481041827573e+00
2.240446078402326346e+00
2.250945852914239875e+00
2.229486053927187239e+00
2.246378928930764740e+00
2.237848118664258035e+00
2.259665124336490916e+00
2.247667278035462513e+00
2.215615101967839617e+00
2.247938521796525091e+00
2.256188275417682743e+00
2.258753624271432781e+00
2.248909529892214376e+00
2.251917825977100218e+00
2.248848586653591664e+00
2.232369031900245826e+00
2.277966917757905829e+00
2.262985875116553469e+00
2.252590578803731258e+00
2.251104360217025313e+00
2.253017452393917264e+00
2.267771960106867990e+00
2.260038033446219341e+00
2.241569364245831419e+00
2.252732291620075156e+00
2.246092730312964303e+00
2.224844552421129773e+00
2.245204592927277698e+00
2.245697704928259153e+00
2.254714114194937391e+00
2.255023575953030157e+00
2.204851089562564592e+00
2.240071508077674078e+00
2.255238620848215358e+00
2.239452003793642287e+00
2.258009952025529454e+00
2.246254772354175255e+00
2.255065296165410071e+00
2.227139139137077617e+00
2.251169421902884604e+00
2.257365621303390579e+00
2.248626585139616108e+00
2.238455902154439681e+00
2.258058202874506204e+00
2.226210296183237514e+00
2.244785438532514998e+00
2.238454941647316954e+00
2.214605633365179127e+00
2.244647013337269126e+00
2.257230371138005065e+00
2.250604652556032814e+00
2.232250609176046563e+00
2.277158305142049866e+00
2.261529168170679949e+00
2.249947253667185176e+00
2.251258182700437427e+00
2.214364387578255045e+00
2.254339983278439430e+00
2.258576186387470042e+00
2.240948363334721360e+00
2.250703335962268792e+00
2.245622160020045666e+00
2.223994387767900260e+00
2.245229140725994110e+00
2.243752706526036089e+00
2.251902884126022908e+00
2.249455029027669806e+00
2.237322537886823337e+00
2.256403180169738842e+00
2.251222845660092897e+00
2.264684309190440725e+00
2.253977657304287785e+00
2.254835116215983870e+00
2.245407360576903155e+00
2.264310873412225700e+00
2.234995775191916945e+00
2.254312450493669129e+00
2.264139742553536561e+00
2.257486817105812005e+00
2.244467311141531862e+00
2.248399163957399249e+00
2.259046776270563495e+00
2.256275413426349186e+00
2.245827171368885100e+00
2.254995111647642769e+00
2.223131218803357623e+00
2.261990498725820142e+00
2.264076899300559997e+00
2.240647814396877546e+00
2.284776260704004525e+00
2.223096817569396588e+00
2.253922011591382724e+00
2.260795519647670115e+00
2.264505646129803207e+00
2.245046055671534813e+00
2.255064322781661357e+00
2.249533556807248313e+00
2.229373318141140370e+00
2.249859733939613360e+00
2.232052236358069930e+00
2.222477402315119033e+00
2.248046630206656626e+00
2.249320778189824122e+00
2.258354949778320186e+00
2.228037450785107065e+00
2.243582342300553645e+00
2.258026402376683617e+00
2.235038836730266265e+00
2.279346951327054338e+00
2.264671120058094456e+00
2.251910512203492143e+00
2.252930254533564547e+00
2.216131507479187857e+00
2.254627528978742301e+00
2.256497096190057672e+00
2.268514619922823439e+00
2.203885595921290186e+00
2.234268276194368408e+00
2.240373399973461854e+00
2.248388599260235932e+00
2.265525152631423733e+00
2.244732777223018783e+00
2.241258861541607583e+00
2.250406684379524958e+00
2.242687389983527790e+00
2.249201012223009055e+00
2.245793033740367317e+00
2.262532513394146516e+00
2.248514222350988856e+00
2.255912681325069169e+00
2.261781475011387155e+00
2.250929467419039209e+00
2.266015325831629124e+00
2.258401329947785197e+00
2.216818187381702554e+00
2.210777702612174433e+00
2.236441719855404298e+00
2.246841725985516458e+00
2.238827588960359716e+00
2.246598097681837825e+00
2.249769178842937034e+00
2.216696930556279366e+00
2.237612887975271914e+00
2.232249980407343681e+00
2.247184214446062978e+00
2.236768353473846727e+00
2.210869947913008726e+00
2.240125103138436824e+00
2.249786674933600406e+00
2.236641443092023618e+00
2.238125171267709046e+00
2.223955054481050464e+00
2.267510056569560728e+00
2.253434925558506219e+00
2.240482783067589079e+00
2.225121741101586448e+00
2.240297617110284190e+00
2.232493529440714664e+00
2.230302559642380000e+00
2.231399369630250984e+00
2.226134958997474822e+00
2.204738560773987555e+00
2.195498902529150254e+00
2.214431942216376736e+00
2.235147802325398114e+00
2.221237408598765395e+00
2.226501097991329114e+00
2.198715157068929837e+00
2.234698327461726475e+00
2.226822463952769393e+00
2.227152307023741340e+00
2.208947054853408698e+00
2.241307503433174642e+00
2.232453718566032475e+00
2.223286165186207253e+00
2.231877610177887217e+00
2.174531444909800992e+00
2.227497885391014787e+00
2.219957766990771741e+00
2.231656937648947459e+00
2.208146159274517739e+00
2.230301887615266931e+00
2.216373226981770639e+00
2.225218817208995059e+00
2.232769251073361882e+00
2.214060844011439766e+00
2.228465443410866609e+00
2.224725284312623952e+00
2.210776058293047353e+00
2.233071158863024319e+00
2.251147536820665263e+00
2.223823262318203486e+00
2.230223474772512926e+00
2.234276655852452276e+00
2.223883938092169554e+00
2.217500153184230438e+00
2.224566120273946179e+00
2.234890773026902533e+00
2.219914138141687143e+00
2.228413350038747520e+00
2.242998723546404616e+00
2.245327037520721714e+00
2.239549791844522186e+00
2.228936689173790509e+00
2.245066969893966924e+00
2.251703844088635886e+00
2.265805798789754189e+00
2.250885515043817175e+00
2.250530163713276632e+00
2.235900478985966000e+00
2.212500696454865245e+00
2.243553867947750913e+00
2.221646511600054108e+00
2.229242203842543457e+00
2.226950830319990526e+00
2.243190512407634341e+00
2.247970797546256616e+00
2.224738386516944555e+00
2.223881365740678628e+00
2.245488335562752180e+00
2.258176601342254397e+00
2.240729148455782305e+00
2.243099317355925049e+00
2.258291803734775893e+00
2.261580529608975265e+00
2.228812695344684069e+00
2.248867360196866283e+00
2.243812307112191373e+00
2.258851522727579830e+00
2.249060451767375124e+00
2.250934214173182735e+00
2.257796018006499761e+00
2.261905427968256443e+00
2.251962190566812350e+00
2.252775530982373819e+00
2.279566248598710043e+00
2.265500617188533905e+00
2.251059109026980476e+00
2.255202860220376859e+00
2.246761531336458173e+00
2.257606119263866784e+00
2.263145001383802590e+00
2.252649566731631747e+00
2.248017303478829998e+00
2.249637079888996194e+00
2.244499397979664135e+00
2.253864127198651257e+00
2.255154668520274353e+00
2.248290788999722789e+00
2.237659131230768761e+00
2.252465254099431657e+00
2.242407347573018850e+00
2.243138254774405649e+00
2.255715420035810492e+00
2.228203491609517695e+00
2.245707272776255703e+00
2.236817401619075607e+00
2.239139500027588436e+00
2.252543629415070026e+00
2.224332204604818397e+00
2.247012233530879310e+00
2.215306741952983938e+00
2.246626774369585799e+00
2.256922151256387732e+00
2.246384786537303224e+00
2.248678336220334639e+00
2.231642153616460345e+00
2.275224511965914242e+00
2.260410363207936424e+00
2.246583080902494256e+00
2.250834968365095445e+00
2.243877955869718388e+00
2.249509356936753246e+00
2.253129165034008619e+00
2.267149000802644476e+00
2.250382296842869945e+00
2.249633732162690247e+00
2.226146632168022332e+00
2.246797726061115608e+00
2.243999041557115159e+00
2.255312772576187452e+00
2.240373576375302545e+00
2.249215185686691765e+00
2.235192908326664618e+00
2.250213219769304995e+00
2.252553612412155015e+00
2.260604468018070801e+00
2.252593583545942746e+00
2.246242861341327224e+00
2.257610726467758067e+00
2.263511283590216916e+00
2.243426778527348286e+00
2.264726287705909780e+00
2.224245427329262892e+00
2.261462129265621623e+00
2.256522070551452597e+00
2.258534998335901545e+00
2.259914408116512785e+00
2.258045085381352290e+00
2.280004467058345252e+00
2.253524556485897445e+00
2.271377654434215909e+00
2.277479663783990471e+00
2.285649809820708978e+00
2.279153788744222364e+00
2.267296149848332387e+00
2.270955851370670242e+00
2.287791105116523394e+00
2.276042834318670938e+00
2.272337667125154947e+00
2.287273159838944192e+00
2.277922661934778770e+00
2.250997148548774529e+00
2.279921453696599709e+00
2.284620081388877733e+00
2.289333200074222585e+00
2.278975547481989050e+00
2.279224412031451319e+00
2.281560966101662924e+00
2.263968628950121964e+00
2.307091193694871034e+00
2.293123645498324148e+00
2.283521973838899211e+00
2.277961545976947999e+00
2.243764778231818635e+00
2.273929925150125708e+00
2.284992667954154566e+00
2.284100652962818057e+00
2.289972822047955159e+00
2.271641608025331660e+00
2.279711005402871304e+00
2.273149797212452139e+00
2.275614614071398645e+00
2.269741812428717420e+00
2.281138501468260582e+00
2.283306100806496541e+00
2.275528223031753949e+00
2.259152730045455026e+00
2.264109493283965602e+00
2.280571625713603279e+00
2.269607920517726196e+00
2.272161373962260367e+00
2.283753939170535485e+00
2.269662229277285004e+00
2.268472834665428817e+00
2.260304009620651922e+00
2.282952520679143671e+00
2.255288943914363298e+00
2.268173607989067531e+00
2.273717192725368985e+00
2.282327833562815211e+00
2.276116283280882779e+00
2.263132489030224459e+00
2.266131213961100510e+00
2.279537402694243209e+00
2.250332472716193077e+00
2.274754466585475310e+00
2.264463779210470928e+00
2.285627158377335544e+00
2.272571656886268610e+00
2.244310414798403652e+00
2.275932720699981981e+00
2.282270302216031777e+00
2.285368703178048744e+00
2.273141785395521364e+00
2.275932041350072321e+00
2.275926569615305706e+00
2.258674690561858878e+00
2.304387070357731826e+00
2.288190653058902679e+00
2.278484159922184116e+00
2.274250765109397943e+00
2.239342712842697036e+00
2.271109283035909865e+00
2.278407226299802968e+00
2.285618168136122730e+00
2.269090005180939951e+00
2.276877461287879267e+00
2.275966543805336695e+00
2.253274048563296272e+00
2.273504104543574211e+00
2.270526748070094580e+00
2.284169907689031387e+00
2.285615028428421791e+00
2.277489907849255868e+00
2.267427105221142991e+00
2.286101056496702366e+00
2.275023838361446504e+00
2.275301195389599851e+00
2.267660643937231324e+00
2.287040327027396014e+00
2.257566424832587071e+00
2.274381560626577592e+00
2.278025211479869139e+00
2.287387502173826359e+00
2.281734463707491667e+00
2.276068411482922382e+00
2.272373862794322630e+00
2.289748845136839517e+00
2.261209650598968945e+00
2.278407658744524777e+00
2.271083769757635817e+00
2.293496177814629444e+00
2.282268708857939199e+00
2.254270439549256988e+00
2.284539539627983284e+00
2.288618535197085802e+00
2.295625553981037736e+00
2.285259955714420865e+00
2.268584969164405774e+00
2.247417501490415415e+00
2.276895034063384227e+00
2.286547112449850427e+00
2.246532572102635239e+00
2.216327504521357294e+00
2.247042362872546217e+00
2.246993810394653845e+00
2.244021907972180596e+00
2.236861015978772738e+00
2.252149190727434469e+00
2.221617730714681382e+00
2.236581232027786026e+00
2.237182559524283132e+00
2.254065946239959484e+00
2.242153123901969192e+00
2.253953232876367618e+00
2.248189988566875908e+00
2.273019326206847435e+00
2.259068038919620047e+00
2.247333508611743635e+00
2.243559535234223912e+00
2.247395827938928559e+00
2.256776250260370542e+00
2.245104678546906651e+00
2.240964314304731086e+00
2.241683258565556169e+00
2.246734812910742729e+00
2.221899179585077544e+00
2.235282304631252881e+00
2.236070982661087836e+00
2.234819716923423183e+00
2.219374989330160641e+00
2.235179353055739337e+00
2.245595779126117630e+00
2.241810903038865543e+00
2.252007391640061140e+00
2.243169353596497384e+00
2.243504813415254429e+00
2.270443307155003421e+00
2.238939788578816259e+00
2.237276165344039836e+00
2.245963899489763715e+00
2.251609802668665505e+00
2.248626369772748657e+00
2.204517028569055181e+00
2.253218324407610051e+00
2.243191501688327261e+00
2.257186881254367616e+00
2.221823287510230838e+00
2.241041081070645813e+00
2.250027337560138729e+00
2.248425123785066315e+00
2.240228928112171669e+00
2.249691244328344109e+00
2.248029396675744973e+00
2.253855458746668372e+00
2.249812749515169852e+00
2.233991449424590936e+00
2.234598109943701782e+00
2.223900128211196314e+00
2.232672251754704629e+00
2.236088292518841225e+00
2.241824858740299131e+00
2.246697194693408672e+00
2.234218692917008919e+00
2.236336064523354761e+00
2.249443380716909413e+00
2.236852770183074934e+00
2.239180318887290522e+00
2.234511606922749305e+00
2.217034197608084067e+00
2.219588568117953908e+00
2.226686032768041112e+00
2.210623711776177114e+00
2.230851402505434233e+00
2.246082188481066222e+00
2.229627572105412181e+00
2.239624508246035983e+00
2.246368770875276422e+00
2.230592738675566178e+00
2.232085243402705199e+00
2.210331793801740385e+00
2.231428397592592372e+00
2.232738671317063162e+00
2.236989829821366182e+00
2.251038168311649823e+00
2.245156465266857193e+00
2.236994325000293937e+00
2.258949548533335072e+00
2.264299295310931992e+00
2.271033403890212465e+00
2.263010535408395807e+00
2.252457198077193024e+00
2.256379644793012229e+00
2.272570191031147768e+00
2.272555725216759637e+00
2.241420310587611819e+00
2.261327330341484920e+00
2.257394840261665703e+00
2.262103020764695938e+00
2.270306035090468466e+00
2.273283106747951532e+00
2.263399407446397671e+00
2.263856825697528219e+00
2.248748105358229221e+00
2.291231258954665062e+00
2.279315017424435208e+00
2.264614567799296818e+00
2.259623620549857659e+00
2.270697209929378513e+00
2.269653366280974804e+00
2.280389206372544830e+00
2.275147209700205675e+00
2.257697674253447584e+00
2.265366638405223565e+00
2.235335534385965328e+00
2.259418996363590448e+00
2.255951716466026991e+00
2.269264444984853579e+00
2.268743492350492996e+00
2.260815887271176106e+00
2.265962522090487763e+00
2.253461975995035171e+00
2.268386297188496936e+00
2.237999178319453275e+00
2.260116681471456612e+00
2.264077073953442376e+00
2.235998819637300183e+00
2.249973425474420363e+00
2.256610005894001514e+00
2.243838184276794490e+00
2.287883954711558143e+00
2.224330009219099846e+00
2.264314126939095839e+00
2.255010982452515744e+00
2.263274687722853340e+00
2.237767432085090658e+00
2.257762622203697500e+00
2.270376455817538552e+00
2.263786573074182851e+00
2.226233230036539279e+00
2.257014171612124809e+00
2.270388971528630062e+00
2.260949539042483192e+00
2.261059564057288807e+00
2.276496432277551829e+00
2.262818696465726642e+00
2.273831928617821685e+00
2.265549555180539354e+00
2.260185527990527188e+00
2.247072096067083802e+00
2.269048648478130925e+00
2.274329986815130322e+00
2.279736395858205977e+00
2.271543470716435476e+00
2.264984543887519575e+00
2.273733378508038694e+00
2.264160598868782071e+00
2.265871930494311126e+00
2.274231243880419751e+00
2.300650470197067587e+00
2.288345997461303849e+00
2.260064914379652290e+00
2.282219405350358610e+00
2.253622908854933993e+00
2.270652986518482574e+00
2.274038795580279437e+00
2.277250168123939655e+00
2.230661401830727808e+00
2.253040413531377961e+00
2.250910827950290294e+00
2.228712808471070783e+00
2.249406599157052877e+00
2.252110272783509171e+00
2.251566380289884872e+00
2.267105873299553931e+00
2.251676032460407040e+00
2.252356174940471245e+00
2.215965434811321355e+00
2.254064342437343438e+00
2.262844338250599829e+00
2.243447632215632037e+00
2.250195321066141840e+00
2.226001600765469046e+00
2.249592161943039681e+00
2.247433349839182082e+00
2.205433106621169426e+00
2.235987427391248783e+00
2.255384975353533772e+00
2.244909980353325007e+00
2.256949918903271790e+00
2.232919437639222959e+00
2.250575340486759668e+00
2.244102650241527552e+00
2.252050808873830245e+00
2.226845392697780479e+00
2.245846543282139063e+00
2.242394958757925050e+00
2.214733788275336845e+00
2.252648876611940576e+00
2.250726686784216835e+00
2.277396591457315989e+00
2.264796582608821662e+00
2.254891562187365306e+00
2.215241162154936827e+00
2.249498334038887659e+00
2.253143837407035388e+00
2.263712523473257132e+00
2.240476421959326725e+00
2.247813482114563666e+00
2.225228380600353884e+00
2.242016491870342687e+00
2.246168909431614846e+00
2.235670742532418043e+00
2.256907069897235996e+00
2.248407284968718667e+00
2.261475294982913109e+00
2.250648875693284534e+00
2.256301607884663607e+00
2.252122364256931686e+00
2.241375904530057195e+00
2.245700619874467119e+00
2.259358759589074506e+00
2.230999534543568696e+00
2.244699737675657669e+00
2.264826912515216062e+00
2.255329990694233455e+00
2.260039674413631072e+00
2.263817277474570400e+00
2.257513322670317901e+00
2.257874599167619234e+00
2.242949834674843768e+00
2.252443493773396366e+00
2.253187421120512735e+00
2.280854104013653849e+00
2.267907683631958715e+00
2.250357599034371159e+00
2.237472320820072635e+00
2.237339475239307429e+00
2.160737672345815152e+00
2.147205091244811737e+00
2.173346750944572303e+00
2.174816794505429751e+00
2.161579905822575309e+00
2.142881369459812557e+00
2.189537122861677343e+00
2.172153356929354739e+00
2.164599647165798668e+00
2.128338264508781830e+00
2.168708188489743005e+00
2.183515620576142791e+00
2.158437613890553219e+00
2.163332491841627014e+00
2.142724536145576675e+00
2.163263162736709599e+00
2.152488454365764081e+00
2.161833626424365828e+00
2.171255937841917838e+00
2.136685698796325195e+00
2.126590755970821700e+00
2.160442316924443329e+00
2.158374916230852758e+00
2.163452219582607139e+00
2.186398544874462058e+00
2.126100860444009921e+00
2.165060199921183592e+00
2.166876214494889208e+00
2.152870832852952443e+00
2.175422848446712631e+00
2.141131646988239989e+00
2.177913674858925841e+00
2.171099230052843776e+00
2.171432301461093228e+00
2.160246198670390694e+00
2.191283525743299432e+00
2.172512824455905101e+00
2.180261076741428550e+00
2.165133764194477006e+00
2.184538310234072522e+00
2.194104064242080820e+00
2.184838301410420680e+00
2.157526556460422906e+00
2.196123265449612116e+00
2.182507993704118743e+00
2.189052280678763562e+00
2.185926620465008963e+00
2.212216407119738104e+00
2.202074586024762137e+00
2.187707954625805140e+00
2.151289487338315265e+00
2.189076929271434491e+00
2.192619859906697055e+00
2.204556229698935166e+00
2.177802793597491071e+00
2.161040314322006051e+00
2.182150826983158876e+00
2.184129531562459814e+00
2.190601949233380363e+00
2.190095828306195980e+00
2.178228492926221005e+00
2.191187025547831180e+00
2.181796196316552194e+00
2.193765010409149507e+00
2.183002787383313770e+00
2.187433358276846374e+00
2.181514948656056330e+00
2.190352671248545047e+00
2.187443621604072685e+00
2.191324393423881300e+00
2.172671027961084800e+00
2.193852159443051786e+00
2.177674905706564967e+00
2.190440332371392795e+00
2.194635761785318717e+00
2.177304762954916040e+00
2.186369795145308270e+00
2.165654514610989789e+00
2.210306652936762983e+00
2.189595709354418940e+00
2.194895444154324249e+00
2.179011744884403523e+00
2.191216515145013144e+00
2.140631993687291068e+00
2.192291014799818694e+00
2.187050768666379152e+00
2.181282181562207878e+00
2.194951517815295627e+00
2.166957974174690715e+00
2.195552085041979407e+00
2.199099141153735726e+00
2.195353851771753906e+00
2.199044700783699735e+00
2.166597606682328259e+00
2.190680967156024561e+00
2.181326089139131508e+00
2.199392609726599002e+00
2.188080637127993722e+00
2.198970421482270066e+00
2.202319005495835480e+00
2.195042602295186551e+00
2.193320170105832911e+00
2.207161170223341795e+00
2.193419197973978552e+00
2.195268554796482530e+00
2.196585946279126400e+00
2.208428456929025341e+00
2.201438760983703613e+00
2.179058485482867180e+00
2.189489655822624226e+00
2.182972178499424043e+00
2.164698379857552535e+00
2.239529239983310216e+00
2.226476177356287334e+00
2.252670054897064400e+00
2.249280748952739994e+00
2.237433770763002538e+00
2.243886677834095789e+00
2.262413571140880375e+00
2.249401164032517553e+00
2.241532505530128727e+00
2.250017401528223271e+00
2.221469419913316923e+00
2.251193964622073107e+00
2.260424353660707819e+00
2.263458058609669532e+00
2.252491989876941769e+00
2.280001758615865182e+00
2.264202123437028202e+00
2.253293816538300742e+00
2.254138819229863255e+00
2.255184156064613088e+00
2.244916567936568352e+00
2.247128130378880595e+00
2.254371755804411404e+00
2.250218567376348400e+00
2.257654009706241194e+00
2.245313386133600542e+00
2.248411022687603289e+00
2.247592970171920168e+00
2.239722641011210325e+00
2.231045702072376624e+00
2.250764818377999799e+00
2.257810572330411159e+00
2.252215335438561450e+00
2.240724913450433231e+00
2.245143533047096351e+00
2.258746307127351027e+00
2.229402362853304620e+00
2.246996825879020943e+00
2.237427054296970308e+00
2.261708197018831523e+00
2.277197816437362743e+00
2.253073300884009367e+00
2.213580790169769497e+00
2.248208024594530396e+00
2.261074260601387831e+00
2.244131087296293625e+00
2.253443079920314229e+00
2.254899534465150790e+00
2.263275921201282070e+00
2.257295834448880267e+00
2.223871521036924204e+00
2.233652148176017871e+00
2.248725852739651199e+00
2.257535199231936129e+00
2.209529360357917138e+00
2.236776299703021831e+00
2.199225965657317428e+00
2.230150692152162772e+00
2.219756828947308858e+00
2.221304080239403955e+00
2.234596586648988303e+00
2.240028500559558378e+00
2.221362776585008358e+00
2.225651741125145744e+00
2.201560524971225785e+00
2.230692158379836254e+00
2.238725103561362229e+00
2.235972209115400400e+00
2.198508401380306676e+00
2.189120128304123281e+00
2.173386689363608237e+00
2.233805926750162651e+00
2.232954131315975754e+00
2.231728954803199994e+00
2.196999273169806255e+00
2.230452144499734057e+00
2.235571800258637776e+00
2.220932390139521484e+00
2.231396209743704784e+00
2.205392474146831372e+00
2.226863681466622946e+00
2.236691641546597165e+00
2.237237871142267576e+00
2.235472950968185213e+00
2.191844501797843403e+00
2.215867479525966299e+00
2.223864823094570564e+00
2.240149563210250161e+00
2.227722737935093900e+00
2.227804405782078501e+00
2.237476118062088570e+00
2.230095759389425947e+00
2.237917736868778373e+00
2.220836750468604404e+00
2.232940842804052917e+00
2.239164305899178142e+00
2.209434138016602045e+00
2.227942328612127820e+00
2.240790842276735528e+00
2.219973541982537935e+00
2.198181628642598806e+00
2.228365386739139975e+00
2.235764403652635846e+00
2.197630843428212355e+00
2.230476050797162824e+00
2.228416031117374185e+00
2.229804812013865156e+00
2.231837144785115523e+00
2.245808442137670280e+00
2.239746709841936134e+00
2.222471781365241039e+00
2.230892601656021323e+00
2.237385691168808588e+00
2.241207816644530393e+00
2.236004370904308924e+00
2.232713418378009518e+00
2.236350283230306157e+00
2.237018453466359968e+00
2.204958763730699101e+00
2.224478794021135908e+00
2.235973136643335746e+00
2.227466194780161057e+00
2.222941962598495191e+00
2.242731814358419395e+00
2.217267122273253843e+00
2.234381011667435413e+00
2.243533511751818477e+00
2.247645167694825030e+00
2.241246676154557971e+00
2.229860991829239136e+00
2.234620127402533907e+00
2.249253235222565817e+00
2.219654095775920322e+00
2.239151973132832207e+00
2.235015355252469416e+00
2.249625064088716098e+00
2.240611373435283493e+00
2.243859991459769443e+00
2.247657453448366649e+00
2.252035378120920139e+00
2.241114390875507123e+00
2.242469639093540135e+00
2.226648267047833141e+00
2.257723224168441956e+00
2.205167381729663756e+00
2.248227488213158320e+00
2.243776016355921055e+00
2.213351721832962138e+00
2.234638220958570454e+00
2.244901823580901290e+00
2.246655687429549797e+00
2.238409370734755210e+00
2.243804301087491293e+00
2.234137419671467395e+00
2.246806135225026591e+00
2.232874278054166606e+00
2.225086412567404803e+00
2.243614636851245958e+00
2.207491954275153656e+00
2.251661462926333623e+00
2.200326985608737740e+00
2.244392289588402090e+00
2.255522065429884204e+00
2.249004453273071302e+00
2.240949359711178257e+00
2.237939798101135747e+00
2.216013608399632684e+00
2.236448186687537198e+00
2.246038008722050616e+00
2.248217688476299880e+00
2.240250957876353421e+00
2.202567469585458237e+00
2.238891763292597314e+00
2.220553431023629454e+00
2.233675683061617345e+00
2.247833826566077331e+00
2.251048122165909771e+00
2.242862284857549238e+00
2.228410729122626943e+00
2.247002187202836065e+00
2.216550000783511276e+00
2.236227673913501857e+00
2.246305413024285880e+00
2.250158169797030094e+00
2.243080371591188449e+00
2.230305578100453712e+00
2.246656992940413655e+00
2.254211315314476050e+00
2.222998444562106268e+00
2.233251730515687594e+00
2.251647613448537921e+00
2.242139228886683266e+00
2.214073443701975119e+00
2.244836168832987422e+00
2.253301087755855914e+00
2.243979354562836814e+00
2.243210590350825040e+00
2.271291301175890620e+00
2.258953650345004061e+00
2.243104815197054958e+00
2.247546368659639082e+00
2.208497496680704497e+00
2.245553698281353316e+00
2.262205299607669584e+00
2.231900473434618615e+00
2.246585622064569687e+00
2.237034497172883274e+00
2.216515695516134254e+00
2.240408799632971348e+00
2.240403990477032092e+00
2.201445914755934208e+00
2.235075423612327139e+00
2.240133852910046297e+00
2.238745378634232619e+00
2.247902190948477763e+00
2.249606792690540313e+00
2.243925405980005561e+00
2.232936557554578538e+00
2.251418875425085897e+00
2.235091994292586204e+00
2.207907806348087032e+00
2.248481405990444326e+00
2.251343530342180710e+00
2.243186680219080298e+00
2.243752848637993846e+00
2.225934470573063262e+00
2.270232605671137716e+00
2.257151176174713836e+00
2.242321154224325763e+00
2.246558442787315979e+00
2.246059326971246772e+00
2.237045404643365654e+00
2.235027584602560236e+00
2.244503077670626734e+00
2.201519508362932864e+00
2.229695551980964918e+00
2.234519844155895552e+00
2.246409558146181151e+00
2.258927222605050300e+00
2.249341867788527960e+00
2.254943617102865172e+00
2.246363510149192333e+00
2.252678070803992849e+00
2.252149805027781948e+00
2.252353988050570077e+00
2.256114768090694778e+00
2.247843692973899632e+00
2.257137072357179530e+00
2.246574258990674533e+00
2.256490895131376018e+00
2.251309253666020194e+00
2.276663742718253669e+00
2.264401892653152171e+00
2.249336568842748019e+00
2.253597053107225801e+00
2.247776933739826344e+00
2.253494040058965364e+00
2.257645101039086111e+00
2.232760952726264403e+00
2.247156945030608366e+00
2.236883301103373523e+00
2.220201768194326686e+00
2.244030598166657509e+00
2.247441197615783093e+00
2.233486199346200518e+00
2.243200746505406240e+00
2.269948031056285398e+00
2.255669668209518530e+00
2.242735822196093576e+00
2.252435223882000681e+00
2.242083658998692552e+00
2.239931658063594622e+00
2.240299476206698781e+00
2.197069105146963519e+00
2.242159935733295750e+00
2.233941374336607222e+00
2.219654165013023484e+00
2.239296267751340164e+00
2.240431300126372260e+00
2.201948669811370163e+00
2.256720781074361692e+00
2.202311424300544385e+00
2.249714338084570553e+00
2.238168880253736059e+00
2.250374626430241332e+00
2.223759104791836361e+00
2.250729816649479798e+00
2.245623834823161413e+00
