3.105959603574061312e+00
2.680181470707818203e+00
2.654449273055237590e+00
3.106338957542313928e+00
2.679536315810179037e+00
2.324690734993587249e+00
2.369446848266881123e+00
2.935856467041006113e+00
3.016754116559620336e+00
2.680017794269963893e+00
2.611116876076416293e+00
2.581789902921281854e+00
2.620722938505899879e+00
2.645116944360824007e+00
2.620989920103691251e+00
2.924470943286829439e+00
2.433884535196825016e+00
3.046266666287835712e+00
2.288739583114297371e+00
2.941533676197915170e+00
2.541082171004521939e+00
2.630720593298210730e+00
2.473002000033881043e+00
2.915306764141784246e+00
2.608377585859858794e+00
2.631496782843125715e+00
2.938934863121595686e+00
2.527048031749865142e+00
3.147494036449769883e+00
2.915243882419790378e+00
2.636726553464509237e+00
2.594009744977685994e+00
2.472806312571509402e+00
2.315040988986273529e+00
2.871889120940440243e+00
2.474044545440270415e+00
2.599010664947980054e+00
2.475085377446096135e+00
2.574300457806778297e+00
2.477097622481756023e+00
3.060685000141182943e+00
2.888059674465409454e+00
2.593431322631605251e+00
2.579306970873514349e+00
2.472524274820785184e+00
2.368923158978115229e+00
2.876811436473263761e+00
2.490455970033266464e+00
2.576186349631159889e+00
2.535447946347839210e+00
2.505563398932094454e+00
2.793678285803705030e+00
2.425310183350536164e+00
2.293085162504138186e+00
2.345492177848103932e+00
2.889137264147503270e+00
2.317531143840590335e+00
2.953048152004803306e+00
2.579461714113893578e+00
2.554933126894499473e+00
3.009572429218631218e+00
2.678725083475298696e+00
2.810368761395460435e+00
2.842494233014427163e+00
2.380227157337657662e+00
3.060698638458487775e+00
2.680462938287928143e+00
2.627656394791150873e+00
2.717042661610423071e+00
2.745297513345671181e+00
2.425889462552942799e+00
2.412623007052971502e+00
2.270159760329808485e+00
2.915290892107305964e+00
2.592396406679643217e+00
2.915281840505825173e+00
2.560278911921988865e+00
2.611369290139250676e+00
2.472672878338855629e+00
2.472487193709853592e+00
3.060789540122697883e+00
2.624675462606535614e+00
2.666632235966838849e+00
2.704812322729209573e+00
2.657231140864670493e+00
2.914556683226632305e+00
2.614304381924271503e+00
2.515763713283635017e+00
2.509955769778430934e+00
2.508474160164872124e+00
2.514314230723966315e+00
2.997331731313813918e+00
2.593706333918462281e+00
2.934089110892120544e+00
2.631458496801575286e+00
2.608429300196876355e+00
2.645139300201664323e+00
2.364760453191103284e+00
2.914866653853817713e+00
2.333959491008074760e+00
2.609993345714124668e+00
2.506081442395889258e+00
2.493765587989117627e+00
2.445186748012902811e+00
2.491310428057435633e+00
2.489182186063034763e+00
2.936760834931869901e+00
2.714538316413515950e+00
2.741697858223744788e+00
2.793677519129939668e+00
2.452393840788127832e+00
2.455073925962205195e+00
2.887235216080472178e+00
2.545326157341594175e+00
2.437317832833125308e+00
2.293612099496944001e+00
2.460874151321378100e+00
2.369717324929733415e+00
2.974204786842935544e+00
2.486405608733346373e+00
2.911085036871803311e+00
2.624907550971034009e+00
2.308873452759716560e+00
2.319617341551700740e+00
2.793733276809997168e+00
2.479300382902932309e+00
2.339839029842903262e+00
2.848981039008463778e+00
2.430133674069469230e+00
2.520216947688704856e+00
2.330520630285057848e+00
2.212638730929859854e+00
2.915250020958723098e+00
2.631239206135989495e+00
2.666074244755900935e+00
2.679913620941340557e+00
2.936925402313292910e+00
2.673153551523282268e+00
2.473204573984065568e+00
2.412710869458741136e+00
2.472793662177681373e+00
2.365853815646750569e+00
2.597635864878115708e+00
2.433821952534464206e+00
2.624517042797578359e+00
2.568708844473896580e+00
2.579731070154946515e+00
2.621294433301835980e+00
2.512604415182077666e+00
2.518474118280627394e+00
