3.548742538028049509e+00
3.544819688312200512e+00
3.564147026412085140e+00
3.557646876206147724e+00
3.562160593234734662e+00
3.556476355635906472e+00
3.553027159365070631e+00
3.561385123783038509e+00
3.559061191289300652e+00
3.551064241615575767e+00
3.551849918044963417e+00
3.542591676976156734e+00
3.532228327070994212e+00
3.543289346161584419e+00
3.550351172088239693e+00
3.543325520618067159e+00
3.541743742325335731e+00
3.526834583744131280e+00
3.554913057968091650e+00
3.547806162271681885e+00
3.547175653759778058e+00
3.552731423799881938e+00
3.536735161879304812e+00
3.556997711119249672e+00
3.549231778227690981e+00
3.554143983653032635e+00
3.555813150981533610e+00
3.562494875342109069e+00
3.559868188786010634e+00
3.559413570443394903e+00
3.552795643648705592e+00
3.531066320118226187e+00
3.544914136020677731e+00
3.543651503380898404e+00
3.545775100748768338e+00
3.534868176673752416e+00
3.541243166805072562e+00
3.539207145116277431e+00
3.536612788174961608e+00
3.546194678952842239e+00
3.540076158490576219e+00
3.537943435522121760e+00
3.511770620402229426e+00
3.542023556577460042e+00
3.542447485885146463e+00
3.534197435004925225e+00
3.529176526219172771e+00
3.531614717222366195e+00
3.543947663617315058e+00
3.545327294153549857e+00
3.555310972109223755e+00
3.550278808055123747e+00
3.553175704072257801e+00
3.548673586911176514e+00
3.568738122605649821e+00
3.561223828203479158e+00
3.563108644860134788e+00
3.561241593181661003e+00
3.554509366168415951e+00
3.563331421473931115e+00
3.561897304924711349e+00
3.552871603187581329e+00
3.549610696831818402e+00
3.544056565609919218e+00
3.530833457742046377e+00
3.541547342454945735e+00
3.548452031050656430e+00
3.542925433316794326e+00
3.542259468406951939e+00
3.526061385204213749e+00
3.553950513062771321e+00
3.547151098905130695e+00
3.549322109790251645e+00
3.552748187901782373e+00
3.538177255500412954e+00
3.556644103164357418e+00
3.552316385073067906e+00
3.556335465992800593e+00
3.558226480987327633e+00
3.563321401354128781e+00
3.561252547174218464e+00
3.562691594165995568e+00
3.555396196432765166e+00
3.532133209266318019e+00
3.544976751690695593e+00
3.543207753930088799e+00
3.543387170606434822e+00
3.535472782709900841e+00
3.544867132929509168e+00
3.542210408671392585e+00
3.540250620381966584e+00
3.547724208029618964e+00
3.544410886631380819e+00
3.542141820994244128e+00
3.516905550125285274e+00
3.546499819189561364e+00
3.545134066590547306e+00
3.540322190906747934e+00
3.535993704254122960e+00
3.539738046873237565e+00
3.556300076858105896e+00
3.555607420525886297e+00
3.563243654583486020e+00
3.557102298124375395e+00
3.564407788006347388e+00
3.557143088557991106e+00
3.575560861828092740e+00
3.566909204528554866e+00
3.572682064703384341e+00
3.568387070787180093e+00
3.560889091044570520e+00
3.567669962431194719e+00
3.565608467846955065e+00
3.557652568133915949e+00
3.560040519188317987e+00
3.551915595407349358e+00
3.543660128870042669e+00
3.554812048068169972e+00
3.560094258594615368e+00
3.551900828391238107e+00
3.552050515358656568e+00
3.532387973164686557e+00
3.563925612269882137e+00
3.555852223992841843e+00
3.557855016189547470e+00
3.561029934908843231e+00
3.550362944544955823e+00
3.568661906798494599e+00
3.563949400473047646e+00
3.565949519792452449e+00
3.570944324567276951e+00
3.574641044551439606e+00
3.569194748605765355e+00
3.567702956384378510e+00
3.564618551880284869e+00
3.538008664293014860e+00
3.553783911963988018e+00
3.549956343444334195e+00
3.553187764552019345e+00
3.542127068639301157e+00
3.545922215429923696e+00
3.543833326537479067e+00
3.544037754841424359e+00
3.336810287833527511e+00
3.343858104540869292e+00
3.331990204936316147e+00
3.313996721758980968e+00
3.325462710384497811e+00
3.319314409150647904e+00
3.339062134480796473e+00
3.331173273450600547e+00
3.337467468433755968e+00
3.332434541139333462e+00
3.328747693404705998e+00
3.335218896919412757e+00
3.333713066832130423e+00
3.323162311083533993e+00
3.325789959293286913e+00
3.318430862387598879e+00
3.305610822622041312e+00
3.315916612998007551e+00
3.323988880780516908e+00
3.316606101814754126e+00
3.314625680977654199e+00
3.298659855527203533e+00
3.329059958472440073e+00
3.320398636351837851e+00
3.322222033710700018e+00
3.325705607866494162e+00
3.310719779870550994e+00
3.329934481425608439e+00
3.324644431807255884e+00
3.328297604783186259e+00
3.332738814505345815e+00
3.334811095137522940e+00
3.333190893007268230e+00
3.332664952855038720e+00
3.325225555537384636e+00
3.303139200459396463e+00
3.317298214328571859e+00
3.314933195932821874e+00
3.317817188184546850e+00
3.306056299827643485e+00
3.313670470138928792e+00
3.312177003312767098e+00
3.309582870514658381e+00
3.317488731524546708e+00
3.315453242636648312e+00
3.311342233260374357e+00
3.286202057239448138e+00
3.312875055322107798e+00
3.315186294911837805e+00
3.307070811938443100e+00
3.303369783839981366e+00
3.304220180617944536e+00
3.318189998022104348e+00
3.319172276385371489e+00
3.330166683150265428e+00
3.323772227970534843e+00
3.329581090710176383e+00
3.323539560646109337e+00
3.343726476041011253e+00
3.335077146102646495e+00
3.339026606841299483e+00
3.334536468375231877e+00
3.330548646406723989e+00
3.336989785012759668e+00
3.335640546817243646e+00
3.325254884844452974e+00
3.325960460927232631e+00
3.318491795911226561e+00
3.305892643710476975e+00
3.316579383736224074e+00
3.324403063207482134e+00
3.315498585736021298e+00
3.314208125197565025e+00
3.297019535310097282e+00
3.327714643740618428e+00
3.320244435676796613e+00
3.321192763913968449e+00
3.326673286700950527e+00
3.313480905996128101e+00
3.331650781380274040e+00
3.326123035850839571e+00
3.329965861847581365e+00
3.333670684927254158e+00
3.336892715202607107e+00
3.335684303514097948e+00
3.336057779947948276e+00
3.329318832962014696e+00
3.305926800054050929e+00
3.319413230790926761e+00
3.316262953547449044e+00
3.318501482386265522e+00
3.310641275257735217e+00
3.318614583146127117e+00
3.317033119728604262e+00
3.315050427396085908e+00
3.322061435323304224e+00
3.320021915964316506e+00
3.317258327274940299e+00
3.294016548309540937e+00
3.320809870883918435e+00
3.321186849102103267e+00
3.314651968458035114e+00
3.311791573844613978e+00
3.315596438413406233e+00
3.331548420223311879e+00
3.331449482178170385e+00
3.341993493861975750e+00
3.336358481126920239e+00
3.342761880334306213e+00
3.336291528770827242e+00
3.355847820907454704e+00
3.348397374946072702e+00
3.351973657928793315e+00
3.347060895350209009e+00
3.343390775295686623e+00
3.348156659331676721e+00
3.345102750683905057e+00
3.335254830986896124e+00
3.336797157597969132e+00
3.328715990594345087e+00
3.318801483370405592e+00
3.328524873796878225e+00
3.336585435060525739e+00
3.329209801141571390e+00
3.327029598100336827e+00
3.309744447818230739e+00
3.340158593284241917e+00
3.332016718886761097e+00
3.333240526988047847e+00
3.336322728485013656e+00
3.324004135396547710e+00
3.343242064101046296e+00
3.336915876473367959e+00
3.341832079689053714e+00
3.346550216171335634e+00
3.349852706969668859e+00
3.347491974637177847e+00
3.346452268642620353e+00
3.340137192894628626e+00
3.316215957271479553e+00
3.329312481999890494e+00
3.325794847121839481e+00
3.326722430205249381e+00
3.316390625019776550e+00
3.324547127800284940e+00
3.322551200022827445e+00
3.321019128027016265e+00
3.329721692025755075e+00
3.321862134264405242e+00
3.341400604606574731e+00
3.334689164712527187e+00
3.339230850325931144e+00
3.336959958278084670e+00
3.332333905225665305e+00
3.340473836688742537e+00
3.337194295525433674e+00
3.329424502844757328e+00
3.329111197437041980e+00
3.322370142420821182e+00
3.309343825377153436e+00
3.322465873857906260e+00
3.326957316044000024e+00
3.320286628125570516e+00
3.320190835292207154e+00
3.303913295512385773e+00
3.332435003840584997e+00
3.325984207256253100e+00
3.326539564616011191e+00
3.328535730272461635e+00
3.314657457764907278e+00
3.333456886290390386e+00
3.327824574008728220e+00
3.331610248515628925e+00
3.332562770847131262e+00
3.341452185593110968e+00
3.337155149082731143e+00
3.336414538423481346e+00
3.332379998310186053e+00
3.308007967998944920e+00
3.322110702115294245e+00
3.321296993122315300e+00
3.321642056391153730e+00
3.308441779620237000e+00
3.316152190603885330e+00
3.313111479626412503e+00
3.312629892268246223e+00
3.317423500241799772e+00
3.314725735769426862e+00
3.313106024947186867e+00
3.288729974579849724e+00
3.314802547740184124e+00
3.312727696751990081e+00
3.305073152680547466e+00
3.301300096009482488e+00
3.302928369271496578e+00
3.318006466917223563e+00
3.316806194117985385e+00
3.327039719153075836e+00
3.320124838552088065e+00
3.330221199862718251e+00
3.322318934485236852e+00
3.342369485932577433e+00
3.334379666473450854e+00
3.337418454573009896e+00
3.333606459069882177e+00
3.328607028727359918e+00
3.335682614222376330e+00
3.332021349261095722e+00
3.322774258796199476e+00
3.323725080963340517e+00
3.316227959271953907e+00
3.304340704823884423e+00
3.313782321703639511e+00
3.320629905898284662e+00
3.312820703533942535e+00
3.312961402624734930e+00
3.296741020358465946e+00
3.325694594628272327e+00
3.318416858353598897e+00
3.319661631914724964e+00
3.320605682866057506e+00
3.306650228515165324e+00
3.325480467962078635e+00
3.319120177570836105e+00
3.322890599888763674e+00
3.323658865959357556e+00
3.332839715407486025e+00
3.328824550577364150e+00
3.328864136849245980e+00
3.323242176941446857e+00
3.299336477215190300e+00
3.313757724505220992e+00
3.312497395042852233e+00
3.314080774321409351e+00
3.303080320487792321e+00
3.313330501101274805e+00
3.310699593720256573e+00
3.308259284212878626e+00
3.314223747318377988e+00
3.312369878522046562e+00
3.311612070147672782e+00
3.288385981071725084e+00
3.315943245410990059e+00
3.315997315627837949e+00
3.307943734452107876e+00
3.304784962794114378e+00
3.306443230787108334e+00
3.319874391468074393e+00
3.319632859159368010e+00
3.327951323840350639e+00
3.322281771062860045e+00
3.331708427708475639e+00
3.322626160205556900e+00
3.340721530914420256e+00
3.333926201171690806e+00
3.337400588675206947e+00
3.334671409334687198e+00
3.330504420169488000e+00
3.338777733607015463e+00
3.333757046955765801e+00
3.322302018708908733e+00
3.323497077523567711e+00
3.318553728093432298e+00
3.304826740884264424e+00
3.317158901584063457e+00
3.325459514696147423e+00
3.318528238347466797e+00
3.317546466819633721e+00
3.301346281533680482e+00
3.329495949734832649e+00
3.324125766408952742e+00
3.325152200598664010e+00
3.327166709662732202e+00
3.312723439983285445e+00
3.331037985312475413e+00
3.324112885429398645e+00
3.327034372538404838e+00
3.328168135147548057e+00
3.336572110980567274e+00
3.330898266172708233e+00
3.329776435373899446e+00
3.324321142030326470e+00
3.300293089870619312e+00
3.313615033300093771e+00
3.311251087836508233e+00
3.311581902376088848e+00
3.301167127107843768e+00
3.308378395460875865e+00
3.307234647753658052e+00
3.307092563218104075e+00
3.392181098406508610e+00
3.389497755764294240e+00
3.409795866203692682e+00
3.402849239260531178e+00
3.407362686772684057e+00
3.405764116679234732e+00
3.401768743658520222e+00
3.409214062993795480e+00
3.407201315036472167e+00
3.399214625743807616e+00
3.399346640861450553e+00
3.389618798664868038e+00
3.379507281045617262e+00
3.390988950978252703e+00
3.396701533100808135e+00
3.390118637131022794e+00
3.390372946552473010e+00
3.373121424356282816e+00
3.401529299186675459e+00
3.394701732586211662e+00
3.395398187599893092e+00
3.397120557195206558e+00
3.383601162819742214e+00
3.402094502114335839e+00
3.396269743005900565e+00
3.400037789710678382e+00
3.400515603223494665e+00
3.409135943576869110e+00
3.406476627804492452e+00
3.405177761500437938e+00
3.399497793031626358e+00
3.377022403613990420e+00
3.390515784669487331e+00
3.388557219303562462e+00
3.390649249954206468e+00
3.377263878533325325e+00
3.384988476099364263e+00
3.382117984333985916e+00
3.381568234360058156e+00
3.385537206369148677e+00
3.383859021524939337e+00
3.381099163859529355e+00
3.358998468955062933e+00
3.383216681630456080e+00
3.381488112407465607e+00
3.373916606130363149e+00
3.370311954182566794e+00
3.372071236745979306e+00
3.387676758104019470e+00
3.386693455525955798e+00
3.396457407124939820e+00
3.390099163154543405e+00
3.393741603635872295e+00
3.390548451386818485e+00
3.411189980708526193e+00
3.402044178419684428e+00
3.405533357164811648e+00
3.401975551505968198e+00
3.398073575056072215e+00
3.405346806444894625e+00
3.401576268785474255e+00
3.392778928842203001e+00
3.394124693250928360e+00
3.383048995416542581e+00
3.373995031079017437e+00
3.382722344358709776e+00
3.391373705932066329e+00
3.383205373853440889e+00
3.383318553567518094e+00
3.366949580568656231e+00
3.396627447680129919e+00
3.388531445608007786e+00
3.389645572617906666e+00
3.390622776592534748e+00
3.376631602309712932e+00
3.395284166481642885e+00
3.389483625583450177e+00
3.392456713110460598e+00
3.392665586328332594e+00
3.401062976051589359e+00
3.399029060102064292e+00
3.398437527126771940e+00
3.391552709267299903e+00
3.369559731520579859e+00
3.382948538622200019e+00
3.380374517697445569e+00
3.383858586421466086e+00
3.370974737452014480e+00
3.381792819391703731e+00
3.378487547075307518e+00
3.376196575879204076e+00
3.381912842641993322e+00
3.381196393777456066e+00
3.378707811771887393e+00
3.357282556441758103e+00
3.383148340526558329e+00
3.383192298524717145e+00
3.375815009954562740e+00
3.372548733190255277e+00
3.374249368080056044e+00
3.386136826328778326e+00
3.386535339627284813e+00
3.393941349340861890e+00
3.388827351219772410e+00
3.392171276537736091e+00
3.388265224668201014e+00
3.406712429105054341e+00
3.399346359167195075e+00
3.402948699114103803e+00
3.400384594677175798e+00
3.397571875504054262e+00
3.406784715115717788e+00
3.400051605671889021e+00
3.388359273160757468e+00
3.389669143237666660e+00
3.382065900724652963e+00
3.370328576819671795e+00
3.382331430847200338e+00
3.391521512610337297e+00
3.384110083095221100e+00
3.384043098219576606e+00
3.367094936727168530e+00
3.395692944801735891e+00
3.389970755938959357e+00
3.391580170373059033e+00
3.393434898417281076e+00
3.378911440610933070e+00
3.397124263113068920e+00
3.390959467948958306e+00
3.393725000848773377e+00
3.394140934880708116e+00
3.402171130964132928e+00
3.397861496529712255e+00
3.396182028467718439e+00
3.389405922221454759e+00
3.367471187017455847e+00
3.380727573934377617e+00
3.376074014502547627e+00
3.378459960842290499e+00
3.368821612519793618e+00
3.376251408182069369e+00
3.375184934011185689e+00
3.374996232387458051e+00
3.292920210547661597e+00
3.294839772141527234e+00
3.291415277511587689e+00
3.277677948643725969e+00
3.278832017613479977e+00
3.284231223104383091e+00
3.278045949929618175e+00
3.261453015199689887e+00
3.270152514142848688e+00
3.288903374600932850e+00
3.286772221493107438e+00
3.288285821106240903e+00
3.292064443637142901e+00
3.287313485944634905e+00
3.277332051099888233e+00
3.275137030571526608e+00
3.276861347784018719e+00
3.263697673718480630e+00
3.270884602036572275e+00
3.267902028675733206e+00
3.267220100084612611e+00
3.272008321263966124e+00
3.270355735148482879e+00
3.266781665474182361e+00
3.244364831643990144e+00
3.269579664345767966e+00
3.267449914036133052e+00
3.260355017151821855e+00
3.256690781137377755e+00
3.257936501096365234e+00
3.274918337164505644e+00
3.278963411015295648e+00
3.279487185433451302e+00
3.296202168046674430e+00
3.288152853286900879e+00
3.292955887441562979e+00
3.287581219298955304e+00
3.290831007752641924e+00
3.288760675698041425e+00
3.278873325079670664e+00
3.269530535225284140e+00
3.259667878140701802e+00
3.268918157490572796e+00
3.276695944600829691e+00
3.268584853233887699e+00
3.252870130761676748e+00
3.281982612345755612e+00
3.273818472381234912e+00
3.274904708658025854e+00
3.277763627395186674e+00
3.263728430106267453e+00
3.282399179153527413e+00
3.276048397759891984e+00
3.279483791120012981e+00
3.281319092714410246e+00
3.288923301087491424e+00
3.285725439591784536e+00
3.285146588911457499e+00
3.280080271930712499e+00
3.256448260029030095e+00
3.271165878387376935e+00
3.268391234471549112e+00
3.271632804161184183e+00
3.263011137121081262e+00
3.273086376058897073e+00
3.270218193289194275e+00
3.267504430093437051e+00
3.273315220419261706e+00
3.272911395614995556e+00
3.270182207637516214e+00
3.248502523055021740e+00
3.275118291968039941e+00
3.275148541530098711e+00
3.267350348641214097e+00
3.264134723058559118e+00
3.265659715186357559e+00
3.281465336762449780e+00
3.281616959406774114e+00
3.289591863035239427e+00
3.284218181313844909e+00
3.287611251214427099e+00
3.287002352158010510e+00
3.302311273900143007e+00
3.295025437904525845e+00
3.300129910738091255e+00
3.295424857435149235e+00
3.293064482803798043e+00
3.301548311744054942e+00
3.296580405634399469e+00
3.284140839628930664e+00
3.285433421339687854e+00
3.277935325375578302e+00
3.266208683882068087e+00
3.277408563681118991e+00
3.286352688547323098e+00
3.279608584647844438e+00
3.278954245410046653e+00
3.262987758356343804e+00
3.290726942104056363e+00
3.284420671532627622e+00
3.285872510334398200e+00
3.287806653576394567e+00
3.272289806364808484e+00
3.290885087999567915e+00
3.284323407772189896e+00
3.286875859401773070e+00
3.288645002235041304e+00
3.295569330255785800e+00
3.291077105779249834e+00
3.289081054834992912e+00
3.284233398475761234e+00
3.260713608058621205e+00
3.273940182915721309e+00
3.269947577367245728e+00
3.271423331367413923e+00
3.263076706466973675e+00
3.270718668483977964e+00
3.269290181734943346e+00
3.269204503057066447e+00
3.141765732125163524e+00
3.136539971661234105e+00
3.155648275453115659e+00
3.149634335011027630e+00
3.155670662071072385e+00
3.151319416421584307e+00
3.148155747306516261e+00
3.154938805023205006e+00
3.153671411258185842e+00
3.145072117978896742e+00
3.145517128130888906e+00
3.135825914312858842e+00
3.125772542613473703e+00
3.138236754615091328e+00
3.142573125374083176e+00
3.136680681182125952e+00
3.136535460737446712e+00
3.119450400755537700e+00
3.148250269802586487e+00
3.141421186442981295e+00
3.142263640659946233e+00
3.143988307629426160e+00
3.130508659162641649e+00
3.148805807608111351e+00
3.142983706223885676e+00
3.146653768404361173e+00
3.149835546675317843e+00
3.154319285776479020e+00
3.152745576192456767e+00
3.152028740616286129e+00
3.147187502955828720e+00
3.123281024061382638e+00
3.137505824354148487e+00
3.135602951977075392e+00
3.136370150306900584e+00
3.123963647780781727e+00
3.131278204696299028e+00
3.128487146077530312e+00
3.127712697875493220e+00
3.132536931856902740e+00
3.131902778186697489e+00
3.127781218616759062e+00
3.104409895928368357e+00
3.129876962505347748e+00
3.128175012249455378e+00
3.120417715035925355e+00
3.116698269732664173e+00
3.134365264867197354e+00
3.133237643281075790e+00
3.142835919708074854e+00
3.136401866716722608e+00
3.143222699984859148e+00
3.137452799967219264e+00
3.157123096063470413e+00
3.149070409623830002e+00
3.153838136751643262e+00
3.147993063393441204e+00
3.144590873079648574e+00
3.151208253753479127e+00
3.148089054940667708e+00
3.138943588414333519e+00
3.140293235449744813e+00
3.129249130993640549e+00
3.120000197973494593e+00
3.130118413077495276e+00
3.136954761599168862e+00
3.129405699992103607e+00
3.129363428378480805e+00
3.112935764804303673e+00
3.143066639504622728e+00
3.135210705389864572e+00
3.136372923725202710e+00
3.137500008183421230e+00
3.141814158483326125e+00
3.135931086846651894e+00
3.138994397877153730e+00
3.141819481759851485e+00
3.146212515042931201e+00
3.145246391137900943e+00
3.145136395685240061e+00
3.139255569398697432e+00
3.115776809817814907e+00
3.129926284251565605e+00
3.127598716643289478e+00
3.129564672068907427e+00
3.117711962784296631e+00
3.127978956893668894e+00
3.124731564714052112e+00
3.122330431802948780e+00
3.128922222692862576e+00
3.129291755428765143e+00
3.125586583167971000e+00
3.102659345982642591e+00
3.129725592115944366e+00
3.129941104556094089e+00
3.122320918609956308e+00
3.118956400780218630e+00
3.120492898904528190e+00
3.132925762134503245e+00
3.132910080850974666e+00
3.140458412408476008e+00
3.135192106323897221e+00
3.141727053277959314e+00
3.135239251063849153e+00
3.152519615052922219e+00
3.146163775263898899e+00
3.151313176319787246e+00
3.146384362517791189e+00
3.144176956023683189e+00
3.152286164807575730e+00
3.146625397465497187e+00
3.134511403369939941e+00
3.135947282749567577e+00
3.128322095710002415e+00
3.116602353168259398e+00
3.129620840700992446e+00
3.137607617672669491e+00
3.130865037633652648e+00
3.130404824272458697e+00
3.113635797172305431e+00
3.142442630657411584e+00
3.136697290267219884e+00
3.138703299656311785e+00
3.140414101285797344e+00
3.125885847087046088e+00
3.143678630334347801e+00
3.137592781484100257e+00
3.140306091274352340e+00
3.143303880707220443e+00
3.147342465397498401e+00
3.143927612719862097e+00
3.142821235200669250e+00
3.136955016059969736e+00
3.113675690146221697e+00
3.127575727711841225e+00
3.123038909470023938e+00
3.124110222648665669e+00
3.115359212290583102e+00
3.122260878616499369e+00
3.121450618030491952e+00
3.121103374692905774e+00
3.437449319826354710e+00
3.430380230193774693e+00
3.450783929551887397e+00
3.444076593254619567e+00
3.449899193153283861e+00
3.446043737699850951e+00
3.442047534403213760e+00
3.449614531229867609e+00
3.449121569066106119e+00
3.441093245778501952e+00
3.441340766134116436e+00
3.431157029439232176e+00
3.420994561227315600e+00
3.434045087399210772e+00
3.439268456251751260e+00
3.431576507134492360e+00
3.432042088691401815e+00
3.415615036486370215e+00
3.444178891636381579e+00
3.437608759382952073e+00
3.437905202054180265e+00
3.440952990879351248e+00
3.427744866228605858e+00
3.446243249874866521e+00
3.440339440892840273e+00
3.444837819669130496e+00
3.446924885169606156e+00
3.452790576339436868e+00
3.449969668130774991e+00
3.449345820410313124e+00
3.444391946952391592e+00
3.420726288503884049e+00
3.435094570344515930e+00
3.432956092782019297e+00
3.434024743303679017e+00
3.420715934390626600e+00
3.429461210456564046e+00
3.426007562265636963e+00
3.425539641685004355e+00
3.430431994096606374e+00
3.429990647341339738e+00
3.424550599666885020e+00
3.401533682246435930e+00
3.426843308965628054e+00
3.425467060750134962e+00
3.417391018197603714e+00
3.413860164720800228e+00
3.415938854221861831e+00
3.430187184209385620e+00
3.429085969610495610e+00
3.439268321148132301e+00
3.432769749484064548e+00
3.441317797315702975e+00
3.434150343472806455e+00
3.456023709809739941e+00
3.447023211959985289e+00
3.451875810916375187e+00
3.445533154889828253e+00
3.441586422693630354e+00
3.449050357693066005e+00
3.444599273065106715e+00
3.435991392028368452e+00
3.437707775087728734e+00
3.427058428804370394e+00
3.417138954641954385e+00
3.427033497342803159e+00
3.434752357495723274e+00
3.425718510242814929e+00
3.426218493604492821e+00
3.410164074365040321e+00
3.439321368308396742e+00
3.431270156918996506e+00
3.432848649365068283e+00
3.434453947253656381e+00
3.421102574044509126e+00
3.439318404774750704e+00
3.432821566871778529e+00
3.437246337703767196e+00
3.439425257374592704e+00
3.445162902082129719e+00
3.442626024518274264e+00
3.442728024588971536e+00
3.436780996349865447e+00
3.413595946986260898e+00
3.427403638207335845e+00
3.425025456683085778e+00
3.427747675834195817e+00
3.417292610391468699e+00
3.428157612250712916e+00
3.424943029082440304e+00
3.423113768366816245e+00
3.429381390555048981e+00
3.429866274917456437e+00
3.425147718434784494e+00
3.402677583284711815e+00
3.430060331211945979e+00
3.430806293629570902e+00
3.422648108837917036e+00
3.419704275995654186e+00
3.421324030489669710e+00
3.434524505715954135e+00
3.434465436661552573e+00
3.442446645399654059e+00
3.437322028401181839e+00
3.444799906349215846e+00
3.436973914190572188e+00
3.455689416440661077e+00
3.448833923293362247e+00
3.454149294131836356e+00
3.449057854267037371e+00
3.446437095343140911e+00
3.454904562599166340e+00
3.449204470052249505e+00
3.437539683651776201e+00
3.438293778670354683e+00
3.430817297140832167e+00
3.419075670017447166e+00
3.433720981693310748e+00
3.441327186785839487e+00
3.432926861868351054e+00
3.433020935010246077e+00
3.416838530777736693e+00
3.444692769545637745e+00
3.439138925201943309e+00
3.440790906427691809e+00
3.442347300135578436e+00
3.427773485913332863e+00
3.445845518996661028e+00
3.438624187835413792e+00
3.442288271011788581e+00
3.444498723918796301e+00
3.449676178825184181e+00
3.444892830019055552e+00
3.444148702108760673e+00
3.438285577344599275e+00
3.415746161928025160e+00
3.428286389784544141e+00
3.424168564146610194e+00
3.426104775871293029e+00
3.415037646573109598e+00
3.422181817258886483e+00
3.421934818520794508e+00
3.422131645039454995e+00
3.472513414713203517e+00
3.680014879854438092e+00
3.676247937706191848e+00
3.695346061270710081e+00
3.691205770132922837e+00
3.696353083588418187e+00
3.691597286396001820e+00
3.688114569220841688e+00
3.695003352310576972e+00
3.695755673230364025e+00
3.687972757483661823e+00
3.687414154066642524e+00
3.678105466086533326e+00
3.667558828157792661e+00
3.679464222457907496e+00
3.684926930173956450e+00
3.679133175751060136e+00
3.679150861716975029e+00
3.661456564693976290e+00
3.690419263170012343e+00
3.682883559282670305e+00
3.684253089143323834e+00
3.685887052910898021e+00
3.672879930565043693e+00
3.691341947869430484e+00
3.685031176465555447e+00
3.688906968421191479e+00
3.688712864538386427e+00
3.698434670972615024e+00
3.694859168862221210e+00
3.693768795833859642e+00
3.689535259774343601e+00
3.666515788006590171e+00
3.679197698740223288e+00
3.677276796125381608e+00
3.679688012563586241e+00
3.666339122154125718e+00
3.673341417166225753e+00
3.670631527024822205e+00
3.669535788917171359e+00
3.674527305679360367e+00
3.672032054829712067e+00
3.669480807175160564e+00
3.645458781555644734e+00
3.672339335514378078e+00
3.670307004496192960e+00
3.663390650639597013e+00
3.659372599898345513e+00
3.660443957044277496e+00
3.675541307739278452e+00
3.674896044113806326e+00
3.683945016302457631e+00
3.677098493387857658e+00
3.682903835602145293e+00
3.679205980990202463e+00
3.697570714687214988e+00
3.691323960827814332e+00
3.695183088577250530e+00
3.689693677104910918e+00
3.686294471169217601e+00
3.692808562226586488e+00
3.692150789262397481e+00
3.682531883979136111e+00
3.683899710410853956e+00
3.672547132943149606e+00
3.663634793660760280e+00
3.672516965735523442e+00
3.680448464930405450e+00
3.672916763332848333e+00
3.672482463224524096e+00
3.655986721180196852e+00
3.685803724013807070e+00
3.677829497120795210e+00
3.678698624795599059e+00
3.682454153562657595e+00
3.668717527896957264e+00
3.686973435706148550e+00
3.681236850739990629e+00
3.684183966405553790e+00
3.683905869963025381e+00
3.694510957362593828e+00
3.690981381678453133e+00
3.690547144015495107e+00
3.684591774957509003e+00
3.662380382366661635e+00
3.675361820105576882e+00
3.673349724019486118e+00
3.676756153448321740e+00
3.665497986201598835e+00
3.675982363748955706e+00
3.673033292393027338e+00
3.670402928161747624e+00
3.676698094708880760e+00
3.675399491801213614e+00
3.673091493731588386e+00
3.649542062295621392e+00
3.677953344501800004e+00
3.678007388700548219e+00
3.670675050536045703e+00
3.666520544359427092e+00
3.667841895940368246e+00
3.681709105372716451e+00
3.682073576248823699e+00
3.689764690229678124e+00
3.684659352822718503e+00
3.689708327408522948e+00
3.684644924073152694e+00
3.701931521373536427e+00
3.697058870245440332e+00
3.700737225742242842e+00
3.696414602744381384e+00
3.693542004165506043e+00
3.702816557562156774e+00
3.696521810657868556e+00
3.687703884322557357e+00
3.688925179636909135e+00
3.681089203346301630e+00
3.669902194761617054e+00
3.680926132254695560e+00
3.689833281831196743e+00
3.683435871368585524e+00
3.682943450280587783e+00
3.665790455273279846e+00
3.694678035363251567e+00
3.688350443995927819e+00
3.690117983631877152e+00
3.691238366976859808e+00
3.677609497619455325e+00
3.695876467146332445e+00
3.689545026109511738e+00
3.692244974750805042e+00
3.692314035354582913e+00
3.701633795548486816e+00
3.696776675564874992e+00
3.694991396055440802e+00
3.689478442284579884e+00
3.666846402116986425e+00
3.679057837852708346e+00
3.675476661782083099e+00
3.677098284512068105e+00
3.666274241116111554e+00
3.674068465549366280e+00
3.672437030516347178e+00
3.672163966002385038e+00
3.209341492813633678e+00
3.202781657631843970e+00
3.221947342003870673e+00
3.216043743057552362e+00
3.219399012801330784e+00
3.220186209416281642e+00
3.214820612099158481e+00
3.222311222861632629e+00
3.219685390723681095e+00
3.213125841733242893e+00
3.211440871093172333e+00
3.202638451626695471e+00
3.193050065942911075e+00
3.204389526013455836e+00
3.208479339914857675e+00
3.202192243917080461e+00
3.203048670282596433e+00
3.185246506388777377e+00
3.215000196559754997e+00
3.207505175672336506e+00
3.208117859299504104e+00
3.209853198905078031e+00
3.195423089077307210e+00
3.215025370952870887e+00
3.208285066629342097e+00
3.212677360393582759e+00
3.213139099458500070e+00
3.223801070510118549e+00
3.218617896736686745e+00
3.217925037147095324e+00
3.214388464400881773e+00
3.190224704401670053e+00
3.202931285077168511e+00
3.201538259859814772e+00
3.202521410812009250e+00
3.188780737924600928e+00
3.195967414038504373e+00
3.192980437977139374e+00
3.192786376633462098e+00
3.196561195274865597e+00
3.194579112401028098e+00
3.192143406185349974e+00
3.169857319935813322e+00
3.194136094269309112e+00
3.193199760491337358e+00
3.185060413580329097e+00
3.181059031480698351e+00
3.182529867828561621e+00
3.195950150837715498e+00
3.195411765374201352e+00
3.204811781423059003e+00
3.197952474415869162e+00
3.206897605427540654e+00
3.199877570111679503e+00
3.218946546901788608e+00
3.211306799471769224e+00
3.213275204562959786e+00
3.212873725014715021e+00
3.207275960851900365e+00
3.213723437075385547e+00
3.210493513295089585e+00
3.202364081990237921e+00
3.202250122669097365e+00
3.191822632582399066e+00
3.183613495619935563e+00
3.192168182705030333e+00
3.198541803019919527e+00
3.191185610943390927e+00
3.191848709303213738e+00
3.174983757110508620e+00
3.205376613405091391e+00
3.196961592527769014e+00
3.197700743061899331e+00
3.198774880138101295e+00
3.183811920402105144e+00
3.203572149034966898e+00
3.196842063738086992e+00
3.200318563104586289e+00
3.200876365425243009e+00
3.211406934892478304e+00
3.206666034400710075e+00
3.206727543158192972e+00
3.202156501309827874e+00
3.177943559852293376e+00
3.191195389555302242e+00
3.189027956178618339e+00
3.192438881540537565e+00
3.179425992017966607e+00
3.189202662604101235e+00
3.186709323486196510e+00
3.184382433528723411e+00
3.189180904298906327e+00
3.188535690751519880e+00
3.186700754515127798e+00
3.165015204824312534e+00
3.191061006743153072e+00
3.191918825488214040e+00
3.183616472984594381e+00
3.180145513148373126e+00
3.181979993427018982e+00
3.192824221815170560e+00
3.193022674215184153e+00
3.200717306743852575e+00
3.195135121329611749e+00
3.203453591139718171e+00
3.195322736656278195e+00
3.212914711796782896e+00
3.206580193669635648e+00
3.208658147367129843e+00
3.209297515742077778e+00
3.204637686752176862e+00
3.212800823222364599e+00
3.207565678184691293e+00
3.195883087280561696e+00
3.195723123396204457e+00
3.188837971742129795e+00
3.178037166011874248e+00
3.188919944766082537e+00
3.196828074153982513e+00
3.190045651077552336e+00
3.190063129778691220e+00
3.172989075664373715e+00
3.202246121206938412e+00
3.196169330191819924e+00
3.197270267231770546e+00
3.199149833601309112e+00
3.184853542331948617e+00
3.203945077904547745e+00
3.196868525694126717e+00
3.199852563019573992e+00
3.200562741424986868e+00
3.210793484057601788e+00
3.204210477315113437e+00
3.202845728362829547e+00
3.198237116547728576e+00
3.174237614882782665e+00
3.186709687054415596e+00
3.182961192435326936e+00
3.185184974520636203e+00
3.176126085749912065e+00
3.183208877122480018e+00
3.181830110667631217e+00
3.181882691343771441e+00
3.402953146293382858e+00
3.399331707193807617e+00
3.418816565683682640e+00
3.411716210923612991e+00
3.415853441890687847e+00
3.414388084186070316e+00
3.410017371085471538e+00
3.417495250277182706e+00
3.417310505118321018e+00
3.409220813510840387e+00
3.408928172323838268e+00
3.398789855167605012e+00
3.389179539988331769e+00
3.400189985838180107e+00
3.406928607308783441e+00
3.399484752967550705e+00
3.399698576768328095e+00
3.383063066659046214e+00
3.412225056378941801e+00
3.405271745454525600e+00
3.405654483389637832e+00
3.408646396893869834e+00
3.395261238984486951e+00
3.414131764799007485e+00
3.408563095056178938e+00
3.412042163772680325e+00
3.413015179274465183e+00
3.421488406989210418e+00
3.418428491183574280e+00
3.417259278274839218e+00
3.411413626272787880e+00
3.389133042296490927e+00
3.402503742006784293e+00
3.400795952872753602e+00
3.401780250071281486e+00
3.388771647439552837e+00
3.397290651496176039e+00
3.393900934989728668e+00
3.393201448024695921e+00
3.397640873950534157e+00
3.395436660359022696e+00
3.392714950674855956e+00
3.371392933886893317e+00
3.394725613134438547e+00
3.393267938892902791e+00
3.385464073233860560e+00
3.382210211020703738e+00
3.383808465090721640e+00
3.398277111527177041e+00
3.397201294543206629e+00
3.406986247784145050e+00
3.400933524882459480e+00
3.406845702024254408e+00
3.402884263088948202e+00
3.423643012042203893e+00
3.414450368271031877e+00
3.417393895482772948e+00
3.414002203878807151e+00
3.409361768489388211e+00
3.416720004601186744e+00
3.412772892454041695e+00
3.403962502979977600e+00
3.405258411337682034e+00
3.394418001379518657e+00
3.385228792318669022e+00
3.393073007933024243e+00
3.402856609528894793e+00
3.393724938563094540e+00
3.393840898251992755e+00
3.377674692671673640e+00
3.407553521817019870e+00
3.398963893836578265e+00
3.400765987426408898e+00
3.402228845650538958e+00
3.388594840799795449e+00
3.407144724309985051e+00
3.401248880696739363e+00
3.404616205082829694e+00
3.405387329209288438e+00
3.413946082226145151e+00
3.411133264638321450e+00
3.410644118249534174e+00
3.403894330034900051e+00
3.382341152653962624e+00
3.395218633251912976e+00
3.393176953787898853e+00
3.395603699084984939e+00
3.385532688422868475e+00
3.396177673080201131e+00
3.392878211482324602e+00
3.390618930906411421e+00
3.396715981121699812e+00
3.395216710569142649e+00
3.393347399765557881e+00
3.372580978629597936e+00
3.397891393685041450e+00
3.398438851938747618e+00
3.390518450391679650e+00
3.387877024368533441e+00
3.389070967168107629e+00
3.402518608774384390e+00
3.402441810223619356e+00
3.410221418805233995e+00
3.405402839335179621e+00
3.410289437695025683e+00
3.406115806847692440e+00
3.424028251840296022e+00
3.416333396647528886e+00
3.419893522986965806e+00
3.417413376750927156e+00
3.414311311133301885e+00
3.422945345102176518e+00
3.417421121746299306e+00
3.405467234845671598e+00
3.405889784925404840e+00
3.398645739705242974e+00
3.387306074167822700e+00
3.399752292555886513e+00
3.409200559497106653e+00
3.400891862512692043e+00
3.400591751899566972e+00
3.384183100128479893e+00
3.412754965430151444e+00
3.406789955391884561e+00
3.408543435676191891e+00
3.409962480928966144e+00
3.395186149657645203e+00
3.413393835212785277e+00
3.406933687194024785e+00
3.409802359940952599e+00
3.410607568598363670e+00
3.418348065884812215e+00
3.413474555660085841e+00
3.412015981801330256e+00
3.405337435328645412e+00
3.384194651713498203e+00
3.395851716341352855e+00
3.392134076810092935e+00
3.393784995167846930e+00
3.383076572882769639e+00
3.390219396279773534e+00
3.389761663938640979e+00
3.389603479207279335e+00
3.290408195267842117e+00
3.281969813861833174e+00
3.279469597657024948e+00
3.282850401315213773e+00
3.272050028181920922e+00
3.282703255340193138e+00
3.279286195891257805e+00
3.276245243570484078e+00
3.282265321803704339e+00
3.279334653476096761e+00
3.390494474276094294e+00
3.384182143104480289e+00
3.402516587300452144e+00
3.397392504500585275e+00
3.403089079218046820e+00
3.399582567197155569e+00
3.395342397009384783e+00
3.403034953389079575e+00
3.400925402053841751e+00
3.392784527289689933e+00
3.392885137180796207e+00
3.384012155492824192e+00
3.373171891623114149e+00
3.385664743328531401e+00
3.390184184020212044e+00
3.384148957974870697e+00
3.383285395619948233e+00
3.367021397740613153e+00
3.396109381146287021e+00
3.388656808807736454e+00
3.389441085425657363e+00
3.391408871571000461e+00
3.377888216114909525e+00
3.395870566735210261e+00
3.391085548191979271e+00
3.394504708570350360e+00
3.397394569456933411e+00
3.401585595958847463e+00
3.399757531063228200e+00
3.398680147029962129e+00
3.394881014470923830e+00
3.371903771564076280e+00
3.385150952384334389e+00
3.383319540346972687e+00
3.386507877687234824e+00
3.371607120280797787e+00
3.378252518587670394e+00
3.375083206089326993e+00
3.374624660625569206e+00
3.379188739473518055e+00
3.376889553289215584e+00
3.377092642410486789e+00
3.351437185613006520e+00
3.376600500721705700e+00
3.374414652234802858e+00
3.367376909958123221e+00
3.363352391691050158e+00
3.364427010536685358e+00
3.379794212455818680e+00
3.379404963907161275e+00
3.388695578240158213e+00
3.382001009494585375e+00
3.390786022534227229e+00
3.384009946993073115e+00
3.402733533443436542e+00
3.396006361477530433e+00
3.400233072274472690e+00
3.395050466322357963e+00
3.390558759437736214e+00
3.397137726656550782e+00
3.394420213058195301e+00
3.384931542548697436e+00
3.385890622381678483e+00
3.376050260966463767e+00
3.366332606325739718e+00
3.375939177153751913e+00
3.382833111106391399e+00
3.375531822261519821e+00
3.375098282181424381e+00
3.359308748441149461e+00
3.389092013977956341e+00
3.380806417450001433e+00
3.381737325340962386e+00
3.383146982209494169e+00
3.369387096257481673e+00
3.387658334490110335e+00
3.382248486792702735e+00
3.385261428497271297e+00
3.388234204371299185e+00
3.392341788093359511e+00
3.390841181556238482e+00
3.390465549504524390e+00
3.385463668272874926e+00
3.362570240557031909e+00
3.376434043218564440e+00
3.373868475887844554e+00
3.378447199959138558e+00
3.364655943362434343e+00
3.373756419892883329e+00
3.371064595759433402e+00
3.368624943843512298e+00
3.374314814725208223e+00
3.373084598697770886e+00
3.373799116235899120e+00
3.349154541608795554e+00
3.375742498950044634e+00
3.375560308128241260e+00
3.368460009122612675e+00
3.364967993244546207e+00
3.366362512253102679e+00
3.378410326339702507e+00
3.379047301834090078e+00
3.386207458969250794e+00
3.380932342957065018e+00
3.389054833883745843e+00
3.381301166920762213e+00
3.398285300706616496e+00
3.392786036041327336e+00
3.397332186578593038e+00
3.393141012295371794e+00
3.389457021108041701e+00
3.397358159410215350e+00
3.392901872249749928e+00
3.380598459819024626e+00
3.381814477692286047e+00
3.374735385817571043e+00
3.362971357302184217e+00
3.374774789785048412e+00
3.382933377784139495e+00
3.376584555608330263e+00
3.375075265961184456e+00
3.359365004160848045e+00
3.388052887702924565e+00
3.381809242410595218e+00
3.383006318177036675e+00
3.385338019394991349e+00
3.372184211892159666e+00
3.389735156239465752e+00
3.383857440515710024e+00
3.386199246202009405e+00
3.389406425846386739e+00
3.393252976070654015e+00
3.390144028910084373e+00
3.388501239724488912e+00
3.383290195696330827e+00
3.360616649590779659e+00
3.373670618894065498e+00
3.369714319101388966e+00
3.373269619498840299e+00
3.362682061328383654e+00
3.368844298813028715e+00
3.367488958444992520e+00
3.367316434109723033e+00
