3.567254039453735537e+00
3.567253858007300327e+00
3.567251941530338311e+00
3.567253848936924321e+00
3.567253838063615401e+00
3.567253787407995702e+00
3.567253832019760651e+00
3.567253760434782262e+00
3.567251794355225769e+00
3.567253706568530358e+00
3.567253782692740405e+00
3.567255794122094592e+00
3.567253768507508305e+00
3.567253721771530550e+00
3.567251764818225812e+00
3.567253649857778264e+00
3.567253604677020906e+00
3.567253561012916130e+00
3.567253615927004962e+00
3.567251682912153221e+00
3.567253621548160059e+00
3.567253524460064718e+00
3.567254893332337584e+00
3.567252977082048027e+00
3.567256974805066871e+00
3.567254886505744516e+00
3.567254884433465278e+00
3.567252905437702459e+00
3.567256785754417958e+00
3.567252905119898898e+00
3.567258823424792169e+00
3.567254844317163442e+00
3.567254849821580365e+00
3.567256726542061607e+00
3.567256678488885502e+00
3.567255251790530934e+00
3.567254834303526412e+00
3.567252740522842913e+00
3.567254624095943516e+00
3.567258652730521451e+00
3.567254601753431231e+00
3.567254550167901161e+00
3.567254636018156955e+00
3.567254587981993463e+00
3.567239993591696745e+00
3.567245905164804665e+00
3.567239946324844979e+00
3.567239970014239425e+00
3.567239956702282999e+00
3.567239951813136578e+00
3.567239973236328243e+00
3.567239980798772692e+00
3.567263693022110438e+00
3.567255839313513199e+00
3.567257655485545520e+00
3.567257787458346208e+00
3.567257691001894493e+00
3.567263640072483533e+00
3.567257729735853644e+00
3.567257461858617251e+00
3.567257466869178106e+00
3.567257425732163867e+00
3.567257381117956427e+00
3.567257321225478339e+00
3.567257227866220237e+00
3.567245779343276801e+00
3.567237933136527150e+00
3.567239888726606800e+00
3.567239753878454600e+00
3.567239744040175520e+00
3.567237837031145720e+00
3.567241710114742226e+00
3.567239764189535922e+00
3.567241624827846014e+00
3.567241607805081927e+00
3.567239631340398009e+00
3.567254970594150532e+00
3.567260718284713139e+00
3.567252850636506434e+00
3.567254738568644612e+00
3.567254796150656215e+00
3.567256881528141577e+00
3.567252769129012790e+00
3.567254630480795718e+00
3.567256732747964509e+00
3.567254627790391819e+00
3.567256488210468035e+00
3.567258551256964783e+00
3.567256413571763041e+00
3.567254492612310646e+00
3.567260452794414949e+00
3.567252577919648893e+00
3.567254434699023147e+00
3.567254421944942244e+00
3.567241302356067401e+00
3.567239089504230076e+00
3.567241236982311214e+00
3.567240997364466537e+00
3.567241059373522205e+00
3.567240997706819350e+00
3.567244906999101239e+00
3.567240773192811520e+00
3.567240765948928249e+00
3.567240762549797939e+00
3.567242684398027830e+00
3.567240756661310019e+00
3.567244774746607394e+00
3.567241132177024099e+00
3.567240740117556097e+00
3.567240693133548746e+00
3.567259649520583498e+00
3.567253802348539171e+00
3.567253735946628534e+00
3.567253784701966524e+00
3.567253791488971704e+00
3.567251778417372066e+00
3.567253704350805243e+00
3.567255663966758750e+00
3.567257667688602751e+00
3.567253607620837652e+00
3.567253506022658893e+00
3.567253462154019061e+00
3.567241616680004945e+00
3.567241593128805732e+00
3.567241592185447452e+00
3.567241629736210839e+00
3.567241598387951296e+00
3.567241638765304756e+00
3.567241640434174688e+00
3.567241638110044910e+00
3.567241636247420633e+00
3.567243533056782212e+00
3.567241587907608924e+00
3.567245571749557254e+00
3.567241563643581248e+00
3.567241640752581766e+00
3.567241522556461764e+00
3.567241534703445183e+00
3.567241492863273855e+00
3.567241355452378304e+00
3.567242912715204550e+00
3.567240947981215715e+00
3.567242929276370322e+00
3.567242806533674315e+00
3.567242780432186677e+00
3.567242806865488447e+00
3.567240923520545337e+00
3.567244936761827301e+00
3.567242844299328475e+00
3.567242848728924276e+00
3.567240824211903583e+00
3.567242774214456791e+00
3.567244627123292045e+00
3.567242678690533353e+00
3.567242676251974665e+00
3.567240761743201816e+00
3.567242582043766763e+00
3.567242659152530138e+00
3.567242622671412899e+00
3.567242655418196406e+00
3.567244761366461070e+00
3.567242677665369399e+00
3.567242615045858489e+00
3.567240842224836950e+00
3.567242542669358585e+00
3.567240615278115978e+00
3.567242491150157235e+00
3.567248448693528307e+00
3.567242601409382097e+00
3.567242443037138333e+00
3.567242502240400182e+00
3.567242504166415529e+00
3.567242538471588453e+00
3.567242515956204230e+00
3.567242487159034248e+00
3.567242472591486191e+00
3.567260816760903896e+00
3.567254932947012680e+00
3.567254896330357639e+00
3.567254877126586621e+00
3.567254896906774331e+00
3.567254905771038320e+00
3.567254861954814338e+00
3.567254820150588035e+00
3.567256738717565323e+00
3.567254777839525826e+00
3.567254787743078026e+00
3.567254747799328829e+00
3.567254780947858972e+00
3.567260744521660421e+00
3.567254653408061582e+00
3.567254643492272947e+00
3.567254607861959581e+00
3.567254596918026266e+00
3.567254588961315420e+00
3.567254685143157911e+00
3.567254651802836296e+00
3.567254603695505288e+00
3.567254606452742394e+00
3.567252742460265580e+00
3.567254577225631884e+00
3.567242967832748413e+00
3.567241006029878925e+00
3.567240965637641814e+00
3.567242857103541720e+00
3.567242871126832249e+00
3.567242869569465569e+00
3.567242837589127191e+00
3.567242791078744091e+00
3.567243207094699109e+00
3.567242819645093377e+00
3.567242810777591533e+00
3.567242769114613576e+00
3.567242822040274319e+00
3.567242732968642027e+00
3.567242711573824554e+00
3.567244580478321492e+00
3.567246690851586077e+00
3.567242999369373724e+00
3.567240703956685799e+00
3.567242583851836901e+00
3.567242584417907647e+00
3.567242545087186745e+00
3.567256407462995327e+00
3.567262007938745150e+00
3.567256164696100296e+00
3.567253999818197130e+00
3.567255770498773515e+00
3.567255752713262673e+00
3.567261739074853555e+00
3.567253923939075921e+00
3.567255747673773847e+00
3.567255782026092170e+00
3.567255268075959496e+00
3.567253289327666721e+00
3.567255251200313726e+00
3.567253300422568163e+00
3.567255162003849289e+00
3.567255212833078559e+00
3.567255204550124681e+00
3.567255228613434248e+00
3.567255206473245011e+00
3.567253272312739476e+00
3.567255274759570938e+00
3.567255151962400728e+00
3.567253157685016607e+00
3.567254986876972289e+00
3.567254993100736904e+00
3.567255039601210154e+00
3.567255108642880757e+00
3.567255002690929988e+00
3.567254951196691781e+00
3.567258988253599217e+00
3.567254986882692602e+00
3.567254924524466464e+00
3.567254923012521672e+00
3.567254972065094787e+00
3.567240638490018600e+00
3.567240657083051936e+00
3.567242542616286372e+00
3.567242584250979842e+00
3.567242537754733434e+00
3.567242579628227439e+00
3.567242566513599833e+00
3.567242552838238545e+00
3.567246448471019793e+00
3.567242398348990040e+00
3.567242363989734599e+00
3.567240466509443486e+00
3.567240446237331053e+00
3.567242389421845683e+00
3.567242415228154329e+00
3.567238602348295817e+00
3.567238561289281851e+00
3.567242543576305103e+00
3.567238514871252431e+00
3.567244447979928346e+00
3.567238526697060763e+00
3.567238531067549179e+00
3.567238455951979414e+00
3.567236582582200999e+00
3.567238443518712110e+00
3.567240323594651041e+00
3.567242404220190455e+00
3.567236494266748714e+00
3.567238352385818434e+00
3.567238378008871003e+00
3.567238391382612228e+00
3.567238402443016820e+00
3.567238393433344701e+00
3.567241910882531730e+00
3.567241875054947720e+00
3.567241869100723939e+00
3.567241833158604436e+00
3.567241801491580766e+00
3.567241820157017074e+00
3.567241735984772344e+00
3.567242650854611341e+00
3.567242614799715383e+00
3.567244535863101085e+00
3.567246533891959448e+00
3.567242545235256301e+00
3.567240563598267133e+00
3.567242493882230026e+00
3.567242439554425548e+00
3.567242417277835198e+00
3.567248468062633293e+00
3.567242373940014755e+00
3.567242311278642219e+00
3.567242389748302767e+00
3.567240490540951381e+00
3.567244448457045802e+00
3.567242381383595173e+00
3.567242370548394437e+00
3.567255698440587874e+00
3.567255731759592763e+00
3.567253774381424769e+00
3.567253870447870678e+00
3.567257584012465177e+00
3.567259576052335568e+00
3.567253591682560288e+00
3.567255503380381221e+00
3.567255484216979688e+00
3.567255514165786234e+00
3.567255528826897670e+00
3.567255516131498272e+00
3.567257463567562237e+00
3.567255484432174661e+00
3.567255473197495697e+00
3.567261452434201452e+00
3.567255532023460685e+00
3.567255483083844769e+00
3.567255446658148088e+00
3.567255548196650583e+00
3.567255593323291230e+00
3.567255539873225523e+00
3.567255476249196366e+00
3.567255468139237440e+00
3.567257019538520257e+00
3.567254944405094275e+00
3.567256825832751499e+00
3.567256959987250564e+00
3.567256836931502306e+00
3.567256821108522047e+00
3.567256890080179765e+00
3.567256817361177834e+00
3.567262777760095815e+00
3.567256765142011066e+00
3.567256738614112521e+00
3.567258627152900985e+00
3.567256682127247558e+00
3.567260719402387092e+00
3.567256667566669925e+00
3.567256662276062862e+00
3.567256618355680420e+00
3.567254677305843558e+00
3.567258507634059050e+00
3.567256566397774886e+00
3.567260594682851504e+00
3.567256544033722498e+00
3.567256500749258930e+00
3.567256679102294825e+00
3.567256634557141481e+00
3.567256632078597001e+00
3.567256593386241015e+00
3.567256589012532952e+00
3.567256586212620206e+00
3.567254575896166457e+00
3.567242163118630405e+00
3.567242146525500868e+00
3.567242123550320887e+00
3.567242146458159624e+00
3.567242121143966216e+00
3.567243958467197995e+00
3.567242032745431946e+00
3.567242014306654330e+00
3.567242154307140201e+00
3.567241985204644195e+00
3.567241993465424699e+00
3.567241953239913776e+00
3.567241999208704772e+00
3.567243877438840194e+00
3.567243790655663105e+00
3.567241831795882057e+00
3.567241871111840545e+00
3.567241825192255078e+00
3.567247737202289493e+00
3.567242509832658559e+00
3.567242492068777970e+00
3.567242359893106673e+00
3.567242329681673763e+00
3.567242273551531895e+00
3.567242252684520665e+00
3.567242256136319067e+00
3.567242237597996635e+00
3.567242276293100645e+00
3.567242302889011896e+00
3.567242304421763599e+00
3.567240255071496335e+00
3.567242160435291520e+00
3.567242164249773140e+00
3.567242147564249510e+00
3.567242067334819300e+00
3.567241986307679635e+00
3.567241991581845184e+00
3.567241977069997017e+00
3.567243863796773162e+00
3.567241905687299042e+00
3.567241892657578184e+00
3.567241940125382982e+00
3.567241920936353949e+00
3.567255700979917510e+00
3.567255692628052088e+00
3.567255701435319448e+00
3.567255905895832413e+00
3.567255529492148192e+00
3.567255994915835782e+00
3.567255969072769428e+00
3.567247875755601871e+00
3.567239992887930811e+00
3.567240015867662706e+00
3.567241863539057700e+00
3.567241900903875162e+00
3.567241887024217739e+00
3.567241883954970216e+00
3.567241858557632650e+00
3.567241830555682558e+00
3.567243679932145195e+00
3.567247742209296746e+00
3.567241652991546275e+00
3.567245635533635717e+00
3.567241567589819695e+00
3.567241651042085238e+00
3.567241633079564433e+00
3.567241692339270021e+00
3.567254698086431031e+00
3.567254675912373774e+00
3.567254657528081019e+00
3.567254680311665371e+00
3.567254689164461201e+00
3.567256477778866230e+00
3.567254543833509484e+00
3.567254486905565791e+00
3.567254475942353231e+00
3.567254495990356933e+00
3.567254493520286118e+00
3.567256387130440576e+00
3.567254400312259044e+00
3.567254638381103238e+00
3.567260350987221607e+00
3.567254458752143087e+00
3.567254431459802255e+00
3.567254363398840944e+00
3.567261605874548991e+00
3.567253778498058914e+00
3.567255661297606295e+00
3.567255640510242021e+00
3.567255673948627415e+00
3.567255681955391999e+00
3.567255657793352519e+00
3.567255625300147059e+00
3.567257564089824307e+00
3.567255622813849225e+00
3.567255567989229270e+00
3.567255538790842895e+00
3.567257477004607047e+00
3.567257445608216671e+00
3.567255482221146412e+00
3.567253604545895129e+00
3.567255562237323652e+00
3.567257407779126144e+00
3.567259462042570828e+00
3.567255501500524506e+00
3.567255480380483235e+00
3.567255487993968632e+00
3.567255512020592878e+00
3.567258281303120171e+00
3.567258296137401530e+00
3.567258189741029817e+00
3.567258200801203483e+00
3.567258243389721972e+00
3.567256442591725474e+00
3.567264157680438696e+00
3.567258208214453497e+00
3.567258177191008794e+00
3.567264143350117767e+00
3.567258058017229949e+00
3.567258030364652388e+00
3.567258007071136827e+00
3.567258101287505312e+00
3.567259917549523429e+00
3.567257970077592599e+00
3.567259818600482468e+00
3.567257879605209681e+00
3.567263931332851357e+00
3.567257997992284047e+00
3.567242131242963410e+00
3.567240216434814037e+00
3.567242100720841691e+00
3.567242186993650144e+00
3.567242166409506865e+00
3.567248117409623553e+00
3.567242168900694566e+00
3.567244064893813960e+00
3.567240115031646841e+00
3.567243926789255060e+00
3.567241862450920564e+00
3.567239942654413465e+00
3.567255255407126402e+00
3.567254914183687564e+00
3.567253005018190315e+00
3.567254901827906277e+00
3.567254926622323019e+00
3.567253098900019292e+00
3.567254955276989214e+00
3.567254822422937899e+00
3.567254747388613811e+00
3.567256565837435112e+00
3.567254647720735861e+00
3.567258667391302929e+00
3.567254587495677143e+00
3.567254569104671980e+00
3.567254635241682070e+00
3.567253259391840459e+00
3.567259088015310553e+00
3.567254975642552672e+00
3.567254981086513954e+00
3.567254975814659002e+00
3.567253020626501403e+00
3.567254916197920345e+00
3.567253089625005646e+00
3.567254862820290473e+00
3.567254860064081434e+00
3.567254894795784725e+00
3.567254898063739521e+00
3.567254924980514108e+00
3.567254908403992175e+00
3.567252992375071319e+00
3.567254915690489803e+00
3.567254971903839778e+00
3.567254953779529725e+00
3.567254952873036622e+00
3.567254884606785748e+00
3.567254898476106995e+00
3.567254872599285420e+00
3.567254822199931841e+00
3.567254841204339222e+00
3.567254862062896326e+00
3.567254888366299781e+00
3.567254855059839525e+00
3.567254790260623754e+00
3.567240310780503521e+00
3.567240370911040070e+00
3.567240285910830977e+00
3.567240315686466268e+00
3.567240344438695754e+00
3.567240298226407980e+00
3.567238396478447537e+00
3.567242443278257902e+00
3.567240305310379611e+00
3.567238477125388219e+00
3.567240307916071274e+00
3.567240397776977101e+00
3.567240168940688072e+00
3.567242111458223341e+00
3.567240207005440755e+00
3.567240112045443556e+00
3.567240125642650472e+00
3.567238311592685562e+00
3.567240130214544447e+00
3.567242075979815574e+00
3.567240246169211648e+00
3.567238335185634934e+00
3.567240105697261132e+00
3.567244141078631525e+00
3.567240195346324416e+00
3.567240278196287306e+00
3.567240078823906479e+00
3.567240094110846638e+00
3.567240151457331532e+00
3.567240147286338203e+00
3.567240190762167806e+00
3.567240165102621763e+00
3.567240209760611513e+00
3.567240201848771441e+00
3.567240156413809427e+00
3.567240091240698519e+00
3.567260459244204984e+00
3.567254566514020286e+00
3.567254495029679173e+00
3.567258483456749563e+00
3.567252484084048270e+00
3.567254418092513646e+00
3.567254309539970247e+00
3.567254240720890035e+00
3.567260180491435673e+00
3.567254262069865955e+00
3.567260451317535441e+00
3.567254484987566254e+00
3.567254514305647550e+00
3.567254485728234670e+00
3.567260418854252269e+00
3.567256297557986233e+00
3.567256253517389286e+00
3.567254374259849481e+00
3.567254330880287760e+00
3.567254266388166783e+00
3.567260170995934843e+00
3.567252354805453773e+00
3.567254231795761843e+00
3.567254176227319551e+00
3.567260809894802875e+00
3.567252960482163893e+00
3.567254918011281806e+00
3.567254850614395068e+00
3.567254871159000196e+00
3.567254896674589393e+00
3.567254924227308166e+00
3.567254847328855671e+00
3.567254800623229638e+00
3.567256675752746631e+00
3.567252863933833229e+00
3.567254808962864399e+00
3.567254717227110739e+00
3.567254722536564060e+00
3.567254711237660025e+00
3.567256899017335670e+00
3.567252731255054155e+00
3.567254648733755307e+00
3.567254682011283595e+00
3.567256557356023094e+00
3.567254696388145074e+00
3.567254616097986109e+00
3.567256821433333336e+00
3.567238174143913199e+00
3.567240098339079513e+00
3.567240117137382871e+00
3.567239965502778443e+00
3.567245949177234365e+00
3.567239927616396411e+00
3.567239969613377415e+00
3.567239936814562640e+00
3.567237981196635488e+00
3.567239874013470313e+00
3.567241972586379095e+00
3.567245842584627180e+00
