2.070474096038908751e+00
2.690302317196892723e+00
2.316734749861107279e+00
2.477544416753856282e+00
2.396722091195579551e+00
2.310715508326929513e+00
2.718611485268054295e+00
2.328107108474204434e+00
2.325774398516609498e+00
2.344809174575456900e+00
3.339523499650550509e+00
2.865902845578303548e+00
3.264050373291117246e+00
3.380447557903929034e+00
2.639183754560625594e+00
2.589892914800964618e+00
3.073913884566043198e+00
2.838452486846737788e+00
2.294389210498224418e+00
2.343923689162874524e+00
2.359331303626207799e+00
2.175724664017058441e+00
2.396546718424533040e+00
2.488683752261449111e+00
2.241798311426520751e+00
2.213141755125226595e+00
2.199596184355419481e+00
2.194461991833491776e+00
2.321338863183795453e+00
2.212925943148518648e+00
2.237350135010839569e+00
2.270713801646967234e+00
2.200672792932134136e+00
2.207337396142546648e+00
2.104770370092046150e+00
2.793817881140255643e+00
2.323788563955837105e+00
2.132379450506894258e+00
3.106941147136652592e+00
2.650210991978621422e+00
2.353981787239120660e+00
2.462540319572784853e+00
2.438430939048866986e+00
2.206926207338900436e+00
2.396299657049800746e+00
2.755148787843066494e+00
2.362401271791814139e+00
2.392645313125356665e+00
2.224254721997924289e+00
3.376461325911018552e+00
2.970070149343358779e+00
3.515034615290052233e+00
3.505054469799059991e+00
2.325586728805649095e+00
2.640465023612795115e+00
3.078233392838668703e+00
3.129561270095830849e+00
2.374109388696464151e+00
2.418147422245708000e+00
2.280560514974624198e+00
2.785553407335096487e+00
2.526303119635191052e+00
2.485975687897873598e+00
2.543810949752840944e+00
2.338006887060665395e+00
2.172166192674349183e+00
2.270668597197017746e+00
2.270168206941597155e+00
2.270637082561118625e+00
2.270183775085292233e+00
2.477223217023301949e+00
2.298669378876799119e+00
2.313694216376671164e+00
2.391032403144737195e+00
2.325774459101841884e+00
2.138666153644204204e+00
2.212048970350529942e+00
2.848332398571808088e+00
2.396896525530997302e+00
2.279224826834437501e+00
2.958621451531099567e+00
2.549424386816066868e+00
2.325449133977767424e+00
2.228089321060136019e+00
2.240346560774225004e+00
2.389698210661796551e+00
2.701918292719371451e+00
2.350426167062228178e+00
2.348407752254475511e+00
2.327626861890877752e+00
2.396484796436435083e+00
3.550571159544710920e+00
2.996009423402112404e+00
3.479616272344970174e+00
3.621457084924272429e+00
2.666111984044649663e+00
2.641886314553769211e+00
3.290295330580681910e+00
3.176839413603742557e+00
2.325259345953253565e+00
2.374337904765153606e+00
2.450391899945912222e+00
2.323922056092884603e+00
2.683484911282910002e+00
2.350289913747243276e+00
2.503633595579126236e+00
2.588843527152429047e+00
2.353505368245407237e+00
2.314817969698517608e+00
2.270311606954908523e+00
2.270203401237494756e+00
2.270365827861941188e+00
2.350753907540023224e+00
2.336235460434616051e+00
2.302592770306345127e+00
2.456490128280327312e+00
2.325875190933515135e+00
2.270731844688112844e+00
2.270740220899888584e+00
2.905038589548556871e+00
2.510467791813372429e+00
2.757332689891679678e+00
2.436882443731024583e+00
2.396819655964123719e+00
2.409279298570114136e+00
2.451017780451203443e+00
2.374443407857567578e+00
2.523094402909863199e+00
2.396577173276473793e+00
2.817853029633990758e+00
2.528141229851917693e+00
2.480064131458907806e+00
2.395437336442908460e+00
3.330288391459771624e+00
3.069180319317723171e+00
3.475603139060582158e+00
3.582677970913930920e+00
2.828361444204640751e+00
2.690932018370789436e+00
3.169649801726088345e+00
2.957431284968558671e+00
2.378116069884289807e+00
2.345421707912541898e+00
2.298793133447334824e+00
2.397703929925920185e+00
2.666625527794185047e+00
2.708109023406928717e+00
2.569357192002949652e+00
2.295113855087901111e+00
2.270713593518257412e+00
2.270269988175922737e+00
2.262802014272865314e+00
2.325463250970917439e+00
2.292679610285880187e+00
2.270624733877733004e+00
2.462812365986285279e+00
2.311321428301307268e+00
2.218118157792531520e+00
2.184959617069617277e+00
2.829059934101235463e+00
2.407540922732688049e+00
2.186836495022003390e+00
2.580998529704369382e+00
2.283301849221015090e+00
2.295787838866112374e+00
2.311713424146572216e+00
2.731376730554520904e+00
2.314696969492061385e+00
2.362982454463283144e+00
2.339707940283600518e+00
3.383715019313458416e+00
2.736571594658161910e+00
3.338351367891381649e+00
3.332872729443439042e+00
2.551011976480825005e+00
2.560717672959010649e+00
2.850783989226675530e+00
2.797114146918083577e+00
2.294213642240800155e+00
2.185341525422825892e+00
2.298633955341419011e+00
2.174434543072438331e+00
2.543826761610286091e+00
2.471956525045662101e+00
2.205375063743725939e+00
2.169187709825380672e+00
2.135465430930844288e+00
2.299367233984217052e+00
2.182406751294822200e+00
2.234962450103006759e+00
2.255673239161593902e+00
2.221834805414658831e+00
2.089725356148104396e+00
2.714484561918617089e+00
2.288961573590982290e+00
2.258571457987189834e+00
2.244167468001448285e+00
2.270565592541770261e+00
2.759355973616531177e+00
2.396651843011301519e+00
2.465368735512198484e+00
2.516242238172904599e+00
2.331245368396731354e+00
2.409609961607008799e+00
2.398631823909662675e+00
2.284657597571675414e+00
2.447081871796395358e+00
2.396761281532084453e+00
2.857949600263983037e+00
2.374647295775754063e+00
2.546029380138385978e+00
2.430856747552931019e+00
3.666751306800266619e+00
3.364946622043848645e+00
3.546032305218142611e+00
3.708102314525926868e+00
2.700307757239304163e+00
2.397134129380939616e+00
2.337993214525169172e+00
2.651849123345195736e+00
3.211769756278398003e+00
2.911782196430057645e+00
2.349611690398121677e+00
2.249388811414416711e+00
2.371235413646008983e+00
2.649627692788004030e+00
2.391281544365549738e+00
2.418516609154046648e+00
2.515897127579163062e+00
2.304377140240536637e+00
2.270691937783287262e+00
2.270874391776368295e+00
2.270539633239395449e+00
2.264129993035440158e+00
2.406478323835018696e+00
2.281548432949620064e+00
2.326298122021989379e+00
2.270306590802371627e+00
2.350886695766795320e+00
2.257003396275312213e+00
2.166104601564992294e+00
2.270110626268471155e+00
2.270158936331309718e+00
2.828777536827824957e+00
2.392642332300118468e+00
2.149775596795454824e+00
2.706157748642674665e+00
2.436116523442136916e+00
2.502783429537922988e+00
2.313432435049174618e+00
2.492752913331451659e+00
2.396562963370905130e+00
2.790656933804275930e+00
2.407690358616611181e+00
2.418330659609922328e+00
2.374272454563824297e+00
2.435417016457734896e+00
3.992271755209809037e+00
2.880043798492824436e+00
3.600193376436631620e+00
3.479761561636700140e+00
2.838502558188462199e+00
2.338151052737734936e+00
2.677259669582257473e+00
3.537560938850029313e+00
2.906662542016705153e+00
2.433652438921901418e+00
2.489140297593137596e+00
2.360807853957916258e+00
2.276053876797018649e+00
2.824018935763230598e+00
2.350562312958011546e+00
2.385947866071391754e+00
2.616757151573612994e+00
2.343107508366527370e+00
2.270192931909700729e+00
2.264395766693186207e+00
2.270692535057571959e+00
2.291887174372828184e+00
2.387042572025271703e+00
2.401804486157803620e+00
2.323515098310952709e+00
2.420981603051977959e+00
2.319802694541448052e+00
2.298838283283078265e+00
2.253629143595275330e+00
2.369828344171776457e+00
3.006298778835822638e+00
2.466969380988820237e+00
2.270372118563015018e+00
2.798895506313137993e+00
2.465651688220198423e+00
2.385602719118379511e+00
2.408381839866390539e+00
2.512092613871199198e+00
2.396825071545685137e+00
2.760805944083582375e+00
2.438418836015187274e+00
2.531290374825774681e+00
2.465045400993235880e+00
2.171916452241809292e+00
2.494527068225425914e+00
3.644145600397217244e+00
3.099220336304077339e+00
3.748452272287101206e+00
3.690438761512639054e+00
2.658429111671337441e+00
3.360494639236121461e+00
2.996946833943546551e+00
2.396888104623366544e+00
2.437298693587083953e+00
2.479242025888392931e+00
2.321113398718766874e+00
2.668992947017101880e+00
2.435768645701261281e+00
2.233587116172763842e+00
2.512947271099676083e+00
2.601782270070839953e+00
2.347143211425429143e+00
2.270561384391351467e+00
2.270763261169020275e+00
2.270332925591487694e+00
2.270247900324805279e+00
2.488560819112324296e+00
2.294589556408318742e+00
2.270792668753360388e+00
2.404987732151489865e+00
2.374452745922556840e+00
2.322722481362812452e+00
2.111359174257479765e+00
2.853569552466005632e+00
2.426287498801678044e+00
2.149905133962573878e+00
2.217816657852189177e+00
2.276854804243530594e+00
2.113791912719340083e+00
2.154456593796620467e+00
2.270238485341132151e+00
2.748112840824063596e+00
2.463176171021865368e+00
2.455300486724242948e+00
2.552307702173869153e+00
2.835180364650473628e+00
2.454003030297124077e+00
2.643283216256930412e+00
2.488649965774973438e+00
2.449123468800066927e+00
3.678286718201917882e+00
2.931255513551505487e+00
3.341314890671280846e+00
3.342638848299990251e+00
2.751608018530454558e+00
2.683883419491960520e+00
3.305069776469545584e+00
2.828088056987840382e+00
2.352214591548108746e+00
2.355235131304077356e+00
2.333291499024707782e+00
2.408892978379016281e+00
2.274674053814680796e+00
2.634837665222697467e+00
2.335180366796905993e+00
2.546458999596987294e+00
2.284873640781264204e+00
2.240169265510597807e+00
2.220918849714327514e+00
2.209806730537015262e+00
2.228207487197120251e+00
2.391420636599347560e+00
2.283649621824944909e+00
2.275433636390368886e+00
2.350346341370547432e+00
2.417801560106823011e+00
2.270827214770282154e+00
2.176829361515436378e+00
2.288664997724110250e+00
2.907658367373378017e+00
2.375997718492530275e+00
2.678647995559282791e+00
2.762212645371220798e+00
2.422076582578807535e+00
2.270561326310511774e+00
2.453382828727078468e+00
2.337633758118285776e+00
2.577407376161866104e+00
2.837712434695737862e+00
2.468535434097065995e+00
2.538918938685625015e+00
2.453684619242876064e+00
2.494487587043016763e+00
4.003786285220792607e+00
3.153144597314267106e+00
3.600375569174318002e+00
3.611063767965305704e+00
2.880700019939520296e+00
2.713453886102191959e+00
3.442046633481614659e+00
3.251582273706709270e+00
2.438124415689019386e+00
2.325375326101575268e+00
2.482697993942001080e+00
2.204025484263381962e+00
2.686934195168784623e+00
2.338452600131942560e+00
2.535809771989644634e+00
2.630401541794179732e+00
2.333375843216450640e+00
2.253899984925048727e+00
2.270109849995704643e+00
2.281434098650541475e+00
2.281609319469172892e+00
2.270597855476487403e+00
2.374283871742044472e+00
2.269999276168004787e+00
2.336349163141628438e+00
2.397205515550292709e+00
2.350557728189096807e+00
2.272056057201423229e+00
2.215150949348930531e+00
2.349897285383778289e+00
2.839789070753385936e+00
2.443613269695040113e+00
2.150093259621795205e+00
2.235486561112859150e+00
2.143273164753532356e+00
2.203283727288620319e+00
2.187880725429179662e+00
2.711704991432798639e+00
2.397587968611542220e+00
2.328364045116178893e+00
2.499470177618179356e+00
2.767766058492992176e+00
2.391838302169857045e+00
2.299945328815677037e+00
2.396905066965997033e+00
3.615574284317089049e+00
2.956178699057776971e+00
3.434816534390197962e+00
3.413078792514016691e+00
2.325510476435931562e+00
2.565961100630711478e+00
3.081838016319871532e+00
2.828062734116707055e+00
2.364776754236115330e+00
2.307877361714551601e+00
2.366806885933340432e+00
2.247957192211880617e+00
2.599076390908991119e+00
2.448230514749377917e+00
2.547358824986680759e+00
2.279003810356112769e+00
2.233473764133788286e+00
2.210572386339740181e+00
2.202903198957104625e+00
2.218933212225246976e+00
2.394157299519460658e+00
2.235521738982901852e+00
2.270553596374758509e+00
2.335804253162004684e+00
2.267364312935982618e+00
2.146029065231671584e+00
2.158371445704517999e+00
2.761908251673447445e+00
2.351041464195537944e+00
2.605542135418783545e+00
2.343822429362865112e+00
2.267110181402766766e+00
2.200038681824685316e+00
2.332996687249677681e+00
2.628860244887689657e+00
2.262417388127734519e+00
2.328405088567711001e+00
2.241830207076913162e+00
3.140704824461777900e+00
2.947964312853735613e+00
3.204897413583998045e+00
3.128608266770216417e+00
2.494132825351647931e+00
2.504649022366609579e+00
3.054451362203706832e+00
2.494368032179506756e+00
2.294466131499502293e+00
2.274058100772267110e+00
2.272555805820433150e+00
2.143369983533530032e+00
2.524891090337542110e+00
2.338165012105560603e+00
2.411382207819358303e+00
2.169416794322937214e+00
2.133820344706594874e+00
2.107477688998556253e+00
2.098220609267175796e+00
2.115407942549436537e+00
2.262428455587471188e+00
2.156639073052303957e+00
2.147335150662903480e+00
2.222927021603529063e+00
2.187751545567430345e+00
2.649711530712865137e+00
2.240013096108322443e+00
2.270296915536176741e+00
2.715026606680472465e+00
2.412847838373243903e+00
2.430486742670161071e+00
2.325554444580158364e+00
2.792954965262402389e+00
2.418119654709445232e+00
2.474217735000578511e+00
2.570573764717797971e+00
3.671568323122411659e+00
2.953185472991443739e+00
3.601102895810837978e+00
3.452206134514043789e+00
2.804440561535696652e+00
2.590135063440721197e+00
3.317787860768488528e+00
2.574482736160323526e+00
2.346768190316740110e+00
2.298578150983321855e+00
2.375111354154816112e+00
2.251207199053227637e+00
2.646780083524339133e+00
2.466975458640570551e+00
2.536989931268573528e+00
2.297178764766102610e+00
2.224807391004434365e+00
2.215595930769854061e+00
2.231709542523435896e+00
2.465671419190105240e+00
2.281356814687941714e+00
2.275897518610525694e+00
2.339255055740238287e+00
2.290142100118550239e+00
2.394037191376936047e+00
2.159119159862131099e+00
2.766685781341929662e+00
2.356052505939730590e+00
2.125376714871352490e+00
2.523207543523354079e+00
2.236466915787601373e+00
2.204555459000676176e+00
2.275629891468454069e+00
2.631092875191709091e+00
2.244489139452790827e+00
2.282806880229611313e+00
2.365858556217547370e+00
2.275908751533521901e+00
3.466626888592300393e+00
2.378974738576098868e+00
2.511664736841957346e+00
3.281927503101532473e+00
3.411480982594910838e+00
2.828190114728593940e+00
2.584191836685421073e+00
3.023443833182406948e+00
2.828152973378981194e+00
2.298899332851280342e+00
2.265734743230898296e+00
2.376909845695388768e+00
2.588440966149359479e+00
2.327837600709468546e+00
2.574737215905070542e+00
2.459174621465281874e+00
2.244526513149422087e+00
2.257371532112675272e+00
2.223579956111383371e+00
2.238383095454301142e+00
2.242422738139398408e+00
2.413435994954361341e+00
2.270343690084708932e+00
2.270477040006771752e+00
2.350712676583917915e+00
2.285113970850068288e+00
2.293974342204922134e+00
2.166042915427214055e+00
2.270259007041562249e+00
2.638584560945985924e+00
2.348783625506285944e+00
2.166094977727865079e+00
2.070073057745788869e+00
2.160740783680208388e+00
2.073775062489164434e+00
2.270288257247258912e+00
2.050373539510415011e+00
2.070045877367523879e+00
2.070129001026743687e+00
2.070282631544308138e+00
2.070375633750815236e+00
2.070520069840839916e+00
2.070681183337912845e+00
2.164912047673325013e+00
2.270487097937431198e+00
2.075857983826516318e+00
2.075998869605191643e+00
2.551679807050414972e+00
2.234912974936863250e+00
2.294570060431900593e+00
2.385841316440349580e+00
2.264155617695237765e+00
2.387805018473926566e+00
2.270262389631448663e+00
2.652590283510475100e+00
2.250604351379741797e+00
2.309072814450257916e+00
2.294898507185754610e+00
2.097903295883448038e+00
2.270913520743558678e+00
2.270653655488543698e+00
2.270418701517838311e+00
2.270568341965462089e+00
2.336112724048397205e+00
2.270321732717071050e+00
3.099490786541985621e+00
2.736771652106012365e+00
3.317882587126756988e+00
3.555919069512120778e+00
2.551054991559118967e+00
2.270241628825505842e+00
2.250295616832901580e+00
2.555755211669235472e+00
3.127336965935009871e+00
2.920304130069205417e+00
2.270715324143708802e+00
2.282273107702577963e+00
2.214074069203618489e+00
2.270331081232875636e+00
2.273277530642631827e+00
2.331191387160136408e+00
2.270662643230536126e+00
2.719061673042542093e+00
2.160987894802863796e+00
2.270504223322370674e+00
2.145744393270715200e+00
2.338519238784736665e+00
2.503405925698598100e+00
2.223780473497935617e+00
2.247905028286230511e+00
2.235955804895553456e+00
2.172271842847874890e+00
2.170189644892834835e+00
2.319679334393084602e+00
2.202889784769048731e+00
2.220155585575493973e+00
2.270593294331477718e+00
2.241402441289012337e+00
2.234535132540181657e+00
2.109172818489354562e+00
2.450851115452266082e+00
2.294684743369047819e+00
2.119292994603353186e+00
2.605636882542110566e+00
2.343884577656701218e+00
2.287448054123105479e+00
2.359651544218230868e+00
2.401736293209750350e+00
2.751235126913946782e+00
2.325434843244368999e+00
2.380031185613280975e+00
2.359112820385063092e+00
2.338277233831764335e+00
3.427738513731469983e+00
2.900209290058341605e+00
3.496083812407064340e+00
3.430993256009177816e+00
2.494553667967190247e+00
2.616175257411603283e+00
3.126374147112837232e+00
2.869078825477544115e+00
2.334440256932287738e+00
2.298736192289282165e+00
2.622272796990001709e+00
2.328075233309039760e+00
2.396903013775118829e+00
2.467626159399462171e+00
2.228634547096437046e+00
2.194663748640399703e+00
2.196030783444334222e+00
2.183842144823636922e+00
2.192298154027786161e+00
2.388355738649194482e+00
2.243722918229861030e+00
2.294332741896493388e+00
2.306405375895711707e+00
2.264671819318265555e+00
2.247167956071481676e+00
2.147044651184645936e+00
2.767517813243404845e+00
2.361261405938753555e+00
2.304139711612261721e+00
2.091061051413240612e+00
2.113286627633188530e+00
2.263437491602481533e+00
2.118031810679841698e+00
2.070005708296580149e+00
2.096212123917313264e+00
2.094402933491954055e+00
2.043702463425785876e+00
2.437812238560605138e+00
2.600505394064949183e+00
2.346658389812047218e+00
2.265961690838762088e+00
2.282232812195158722e+00
2.685058067818857808e+00
2.300850149954306367e+00
2.350942880857037842e+00
3.467587352677745649e+00
2.820468113624475137e+00
3.338731113485104984e+00
3.351315943078247539e+00
2.711444510664817287e+00
2.634571914155462657e+00
2.921676564174255031e+00
2.828239501375741316e+00
2.325235336259209973e+00
2.283984691594863392e+00
2.574446778354602117e+00
2.493107138572239201e+00
2.264985709292135496e+00
2.247780099587077807e+00
2.228321662775830880e+00
2.205417508551397177e+00
2.225705373707724366e+00
2.382714574958614051e+00
2.261478271099760740e+00
2.270228855604450313e+00
2.338871299640970403e+00
2.286543934060374372e+00
2.225376961868422043e+00
2.180096867017794260e+00
2.700167376181902945e+00
2.350719758485952049e+00
2.137545452155368508e+00
2.316011752183312566e+00
2.167312828103142408e+00
2.299011519699418749e+00
2.275327525884106361e+00
2.542632135211857491e+00
2.142697652461623914e+00
2.115662262694891993e+00
2.397947606305176560e+00
2.638382207512095068e+00
2.315119362579419082e+00
2.404513130527851317e+00
2.277973373413164637e+00
2.330891415124962229e+00
2.173787620266197429e+00
2.353825045967057772e+00
2.786328670612375102e+00
2.374176230152805545e+00
2.368468055575170705e+00
2.227993797352131544e+00
2.394681767744978096e+00
3.178548950716660215e+00
2.920212852956519889e+00
3.434647935494595572e+00
3.446000179551219844e+00
2.616520138974697041e+00
3.045275869477490183e+00
2.699795537562569514e+00
2.355573663368496273e+00
2.374144820264170175e+00
2.476582744823404347e+00
2.676488021168629494e+00
2.546494086377816490e+00
2.280212382444763097e+00
2.171555365392038084e+00
2.225075373913320220e+00
2.252686078203588238e+00
2.402063777042947379e+00
2.287981131303019389e+00
2.332278372837608860e+00
2.350260060919199923e+00
2.294471297940497312e+00
2.145635779565542300e+00
2.177702141838563143e+00
2.926361517687293912e+00
2.384030592767903300e+00
2.521059672773245275e+00
2.238508320683725294e+00
2.187804131374914807e+00
2.302050565691015294e+00
2.557059311444671579e+00
2.222576078329406180e+00
2.285452214403848714e+00
2.294176188827464991e+00
3.077071846876298533e+00
2.815120875669237410e+00
3.231410531993011315e+00
2.911816530356824639e+00
2.469541417697646679e+00
2.931482512514586691e+00
2.641817310904047922e+00
2.239629502127365779e+00
2.251338892053626140e+00
2.125253451285042061e+00
2.498862075201965460e+00
2.217719283816400377e+00
2.305189291624110126e+00
2.401310849247475510e+00
2.162288563845000233e+00
2.107882184255114311e+00
2.082346234885025016e+00
2.075295891507196622e+00
2.092653128281134478e+00
2.239530140995491525e+00
2.140157371527314556e+00
2.096103136482819984e+00
2.206465870505087690e+00
2.168313572149961121e+00
2.185184229987144455e+00
2.070295229397575376e+00
2.658770774934839487e+00
2.218322343610794167e+00
2.691088433814119885e+00
2.384311640402590360e+00
2.389916882013165544e+00
2.338050001266985145e+00
2.479351072253964894e+00
2.767705777200744954e+00
2.387826521377407474e+00
2.335405682523123083e+00
2.452685279846524846e+00
2.427169510399616925e+00
3.498594487074601300e+00
2.994457148621500586e+00
3.488786115275654076e+00
3.489862412789757062e+00
3.004482807372323983e+00
2.671473448579102072e+00
3.377237617546636983e+00
2.978097421358127495e+00
2.377895207038171588e+00
2.345134600390466950e+00
2.415541224594777603e+00
2.655197326348878395e+00
2.336191483689411541e+00
2.356037669866011264e+00
2.218086995998197253e+00
2.438313408258232950e+00
2.539698316638864473e+00
2.279052486553264867e+00
2.233371215617819594e+00
2.237330313385844871e+00
2.224028043855155623e+00
2.236017150473630810e+00
2.325606183540044114e+00
2.270400465467824702e+00
2.277625679821130511e+00
2.350483452657131878e+00
2.217796561016816437e+00
2.325903980845591690e+00
2.190847007790927226e+00
2.270491634878886167e+00
2.934808513500755112e+00
2.477324288685840870e+00
2.349761059298774324e+00
2.138237285988815017e+00
2.196265593500193347e+00
2.138547418698795610e+00
2.285103541736067889e+00
2.270574157723807662e+00
2.090121334450021351e+00
