2.351992017735110352e+00
2.341286261534346380e+00
2.343966083209775064e+00
2.344438855217131135e+00
2.345906530757442710e+00
2.349494720429529337e+00
2.341500946348528345e+00
2.345771992922859539e+00
2.351014955461291578e+00
2.333000044707514320e+00
2.353467750610061415e+00
2.361584622548402734e+00
2.351694689621549372e+00
2.360224203637780960e+00
2.356692161860305390e+00
2.356284671021253274e+00
2.356041319387340849e+00
2.380200566230055159e+00
2.359164222447557080e+00
2.373865508434928273e+00
2.356188516900115104e+00
2.373083058150168512e+00
2.360581990686423381e+00
2.365861644243491213e+00
2.359559874694209469e+00
2.357012173742955241e+00
2.362790909969785247e+00
2.362325891432501379e+00
2.360930375971943107e+00
2.360047986952704235e+00
2.357881732486443838e+00
2.331530666558901288e+00
2.339780779161710456e+00
2.345408841301914293e+00
2.322154422582993760e+00
2.326246131620077762e+00
2.326540146549600507e+00
2.331197713516157677e+00
2.331014998357741064e+00
2.326910224945859085e+00
2.333682487434398212e+00
2.314352742828045706e+00
2.335983477312733925e+00
2.344677478662529069e+00
2.333116646948919737e+00
2.316074784493448391e+00
2.314493255867855481e+00
2.316213516364054925e+00
2.315669314117908328e+00
2.321266868451939303e+00
2.313193390446453890e+00
2.316408794546159555e+00
2.301501440761935413e+00
2.322227605317120691e+00
2.332666806210195176e+00
2.322029729899636408e+00
2.325503963730707113e+00
2.324743626021554377e+00
2.347380858007991122e+00
2.328571920018557506e+00
2.323470061289608424e+00
2.327602556163210323e+00
2.325302903789260967e+00
2.324428007725227729e+00
2.329975981698080290e+00
2.325803887508723022e+00
2.294344237223949534e+00
2.311180847902019053e+00
2.306131869299260728e+00
2.320602731669364260e+00
2.309484566889263846e+00
2.308686637724203905e+00
2.333605382812006468e+00
2.351805067467207522e+00
2.292742812436554090e+00
2.295506743855153076e+00
2.299402673072872716e+00
2.301476384787033425e+00
2.299214206477554256e+00
2.298852866319716526e+00
2.295167297058096523e+00
2.301141730705662525e+00
2.297761110045339450e+00
2.281107647332273558e+00
2.313657503033223151e+00
2.299023988071862590e+00
2.301887437978248130e+00
2.303976163840470548e+00
2.320775818458141515e+00
2.301650637944899103e+00
2.321412426258543604e+00
2.313065860209771785e+00
2.303206883272164163e+00
2.307722523977840723e+00
2.290272149883971764e+00
2.285272848560534698e+00
2.278574529373113222e+00
2.308070527233066827e+00
2.277269976496508974e+00
2.274094853812211880e+00
2.263000984484360600e+00
2.284079159477609977e+00
2.293852453951753745e+00
2.282882579270758328e+00
2.283428005282839734e+00
2.284373117991631119e+00
2.341790804210599930e+00
2.320241776319075910e+00
2.327631994898037959e+00
2.326621531264517984e+00
2.331018366161824673e+00
2.326390847944448836e+00
2.328232998647390417e+00
2.313523038548591870e+00
2.344114647739925061e+00
2.340943229219046628e+00
2.361391864696511078e+00
2.356689651173123679e+00
2.351833017749950017e+00
2.345374224294996424e+00
2.344417392684331247e+00
2.343743262136367633e+00
2.334417159002182274e+00
2.311905010433147112e+00
2.330073928736819511e+00
2.308542915087027581e+00
2.328885672342689617e+00
2.315606437158489683e+00
2.319686985867715379e+00
2.329899682008854001e+00
2.333713048908602872e+00
2.333548334328920504e+00
2.335784047133952157e+00
2.326737469738727526e+00
2.335849492854404019e+00
2.325747311380236937e+00
2.329911910211276194e+00
2.329052764643588347e+00
2.333506144443472152e+00
2.330298976376834474e+00
2.336210719690793525e+00
2.316532890703651759e+00
2.353159707846625537e+00
2.342035509155575568e+00
2.343040524343532383e+00
2.342520080319982156e+00
2.357393375028632221e+00
2.344111563292781142e+00
2.336798660189142396e+00
2.341376406631152207e+00
2.346012995001583334e+00
2.324538858240170924e+00
2.347187083945268427e+00
2.358572079024011003e+00
2.345360408941669306e+00
2.347534442204018745e+00
2.353878551376592299e+00
2.349118910518281922e+00
2.351208948281705347e+00
2.373578261419165614e+00
2.356600403055917781e+00
2.370450983723767280e+00
2.353566698437557392e+00
2.369707293026262818e+00
2.354194040672009436e+00
2.356297339526317813e+00
2.354018261008459234e+00
2.351998259644428657e+00
2.354666867979485545e+00
2.354371362374504173e+00
2.347372756868789878e+00
2.317618346418807818e+00
2.334847446862536202e+00
2.347473337671853955e+00
2.336572523320423755e+00
2.324259878983720995e+00
2.327592463816554158e+00
2.348138603544239089e+00
2.334282363488423329e+00
2.332457840629526657e+00
2.318506334937378455e+00
2.320150090121696707e+00
2.370962024562086157e+00
2.350949002962888557e+00
2.350658719930688534e+00
2.328105155302491625e+00
2.303245230745314842e+00
2.323293115185347091e+00
2.322002581283609146e+00
2.325386395307159404e+00
2.354040620694004105e+00
2.339090921608740103e+00
2.347654189201389130e+00
2.343398756807314243e+00
2.347957885840710190e+00
2.342555474863925014e+00
2.338683367437933924e+00
2.343499584143469150e+00
2.344648841487778412e+00
2.347557728664778409e+00
2.352450297406075919e+00
2.356371158489618978e+00
2.337990365774626156e+00
2.281333909850072672e+00
2.267297095245080385e+00
2.270376581467385080e+00
2.271503790373312626e+00
2.272705987359440627e+00
2.273728493054900213e+00
2.267808977843369433e+00
2.271547931890349759e+00
2.273457392233776631e+00
2.256468569192033868e+00
2.276625954767123261e+00
2.286948678916441935e+00
2.274756026332592995e+00
2.282076295007836819e+00
2.282044498026234436e+00
2.278177976677934424e+00
2.280963554703557605e+00
2.302283248726407550e+00
2.283221294281215563e+00
2.295933655401508844e+00
2.278243924283028576e+00
2.295588781270648582e+00
2.282423956451079761e+00
2.288630870578995058e+00
2.281299611895260426e+00
2.251322876247595417e+00
2.255819533895273565e+00
2.257603867655543439e+00
2.257354246593845204e+00
2.246724096047014285e+00
2.336836738245519740e+00
2.323001774889657867e+00
2.327958173735705572e+00
2.325745539477988899e+00
2.321859396677123044e+00
2.321208199016236762e+00
2.324807191097161052e+00
2.328488157249434920e+00
2.307300197143572262e+00
2.306866047692974320e+00
2.343581550411581560e+00
2.327814031067500622e+00
2.334858898062147858e+00
2.331215880855406652e+00
2.337844436278910365e+00
2.331444317475156680e+00
2.328804991721735718e+00
2.331642525748488737e+00
2.332417756075724213e+00
2.311930456712243398e+00
2.337407369560619230e+00
2.354488523824183943e+00
2.335163138339876099e+00
2.336957300487110700e+00
2.338891123879047740e+00
2.339925062044894588e+00
2.335814365131877679e+00
2.362584162578254876e+00
2.344376226740418900e+00
2.354345391462143056e+00
2.341507022284385897e+00
2.363382889432127598e+00
2.348371040796077835e+00
2.353891279426957084e+00
2.350240672161444166e+00
2.346213033744188436e+00
2.357443551800056269e+00
2.346349052015138881e+00
2.347679217032432319e+00
2.344221956410674323e+00
2.313961569427842591e+00
2.340548822060750211e+00
2.330173995044869883e+00
2.321136685894739315e+00
2.342072532000624818e+00
2.331311477395697551e+00
2.323829501320997082e+00
2.341794514607126843e+00
2.314757717070360599e+00
2.323267747527406613e+00
2.344206665751666918e+00
2.349763670746224165e+00
2.365754566903401468e+00
2.305868508181756482e+00
2.308997109770043465e+00
2.315287659030527578e+00
2.314628003741599827e+00
2.319438361455890885e+00
2.323723151921139873e+00
2.320311678518319098e+00
2.334623494443089697e+00
2.327248932645684221e+00
2.336657400320600431e+00
2.329485694963945974e+00
2.309817123574898545e+00
2.312892805730566437e+00
2.297287221196906870e+00
2.376372636652003933e+00
2.355880884766715866e+00
2.361588799711025644e+00
2.359569006003962244e+00
2.362059874971659923e+00
2.364838974372414526e+00
2.357865332968540173e+00
2.364551151868081291e+00
2.362927406998633018e+00
2.349745410137042967e+00
2.365567177647871944e+00
2.384510883089514977e+00
2.363759166256581778e+00
2.376897527277346711e+00
2.365321460199165671e+00
2.369341114841599705e+00
2.371464152421449256e+00
2.396448668704433516e+00
2.370805942953520429e+00
2.388208489975195192e+00
2.372309600118764905e+00
2.389600998269965970e+00
2.377452514735150402e+00
2.382092960643003465e+00
2.376917296244268840e+00
2.373448294132312952e+00
2.373143017760607876e+00
2.383832807170133350e+00
2.374940628967319611e+00
2.371847003409211396e+00
2.377732633969312559e+00
2.339764714240995858e+00
2.368521588511466547e+00
2.360625453202228385e+00
2.349322210399204636e+00
2.354451545575980020e+00
2.353942526765163024e+00
2.363626163070275510e+00
2.354656675373430375e+00
2.370092640091765901e+00
2.374430043283918934e+00
2.389896117519892726e+00
2.346067069221557944e+00
2.339279214668831486e+00
2.322341193731144671e+00
2.344517761522947552e+00
2.363367075843452625e+00
2.347956354235375187e+00
2.350558783075339164e+00
2.346565265978906467e+00
2.347964159712741861e+00
2.350470529530493735e+00
2.375552252352999716e+00
2.351489736531984676e+00
2.365839312295488384e+00
2.349629780513250665e+00
2.367088584652574212e+00
2.353987520020691449e+00
2.360754875010766085e+00
2.355541304254042956e+00
2.352316245700048825e+00
2.351786624459659691e+00
2.361576472416654582e+00
2.352130867162227190e+00
2.350768575999236276e+00
2.352941380843471819e+00
2.318211328337806520e+00
2.347795064635388229e+00
2.327667062721584301e+00
2.329213759270569284e+00
2.356312378673319330e+00
2.318130769665540214e+00
2.324332208183445658e+00
2.326129065433374166e+00
2.347040000320898656e+00
2.322463237463434638e+00
2.329432377090338235e+00
2.327213107451225227e+00
2.329957900206945709e+00
2.329730207100819683e+00
2.355020388476727788e+00
2.327844440488174627e+00
2.347208539013731610e+00
2.348237900729909455e+00
2.336594120352597059e+00
2.341747608248478940e+00
2.334553736387388057e+00
2.330928417807708541e+00
2.331426683573194936e+00
2.330406186014638337e+00
2.334289914236219232e+00
2.299403608445995673e+00
2.326687657862716918e+00
2.316722580357318151e+00
2.304441834338799566e+00
2.310557013075335675e+00
2.312791621344072013e+00
2.318461455540582250e+00
2.323749631091313717e+00
2.318573765022133415e+00
2.322864982503997311e+00
2.322880568395103040e+00
2.310185706834968045e+00
2.326391623857457347e+00
2.336262371630677848e+00
2.325251772584774557e+00
2.332971400172905163e+00
2.327030768994827525e+00
2.355957659027435369e+00
2.331251284144936875e+00
2.338334519518948440e+00
2.335828792507722795e+00
2.331701974156967339e+00
2.329743852791548164e+00
2.304264176398501007e+00
2.300229033603127249e+00
2.305857853560691950e+00
2.309068382067575698e+00
2.335534031878150785e+00
2.309855674140944615e+00
2.294961686508568022e+00
2.298330565013056770e+00
2.297631906261553780e+00
2.319491278800310141e+00
2.364105823517970606e+00
2.366785247557654515e+00
2.366345024401734776e+00
2.369229625676634754e+00
2.368307563190651166e+00
2.364792361012600708e+00
2.367861632785970727e+00
2.370070135248024457e+00
2.350897822352944644e+00
2.375673333367753770e+00
2.385872677560623600e+00
2.372000268090655339e+00
2.371892216878190851e+00
2.374072971663363063e+00
2.376484180142792724e+00
2.375578360654994725e+00
2.400839376694957394e+00
2.382314775918725758e+00
2.393457269168234092e+00
2.377378273580429635e+00
2.397284888778099088e+00
2.381135802741905394e+00
2.389666876308492505e+00
2.385580638857813796e+00
2.382404348095260360e+00
2.379202184628606886e+00
2.383495910775959459e+00
2.382471867110634633e+00
2.377492520151545108e+00
2.346976031338353863e+00
2.375257083635542443e+00
2.365492891467820158e+00
2.357514634595954561e+00
2.361603769883426907e+00
2.366989942667569125e+00
2.354720659021008800e+00
2.353800455328578067e+00
2.360055959651472079e+00
2.353014889193755010e+00
2.364003571114462687e+00
2.383060278460074954e+00
2.386121015409539581e+00
2.404933911852904060e+00
2.351674666549651960e+00
2.351528265011520347e+00
2.343989660158936061e+00
2.344854056918929786e+00
2.353399452151020199e+00
2.342434463251688470e+00
2.350233504031361775e+00
2.348861983385372554e+00
2.346229267771686722e+00
2.349188808853650556e+00
2.350218448805630800e+00
2.332672722752217709e+00
2.351197771863976271e+00
2.364186027425684955e+00
2.351912697822822196e+00
2.352105431259101209e+00
2.354581341241978265e+00
2.354627329113863965e+00
2.352250554053707532e+00
2.359039434297383053e+00
2.375407137389029089e+00
2.353852863671331619e+00
2.376880591645399221e+00
2.362474727327107615e+00
2.368660208002633993e+00
2.363388285706232494e+00
2.364718920211171138e+00
2.363564930554698407e+00
2.359839677463209995e+00
2.326861956029429024e+00
2.342322592791415303e+00
2.337136323433210094e+00
2.355911033748807171e+00
2.340297040968462028e+00
2.345406148576753225e+00
2.342347917878864649e+00
2.329104182811160939e+00
2.336413030220423792e+00
2.330641965078907418e+00
2.339281278954185694e+00
2.334843940539794716e+00
2.332459735035936177e+00
2.337798289419051656e+00
2.337270162044855937e+00
2.317765399260078851e+00
2.340798113388668611e+00
2.340901590383136721e+00
2.342495231945772360e+00
2.344246867982715088e+00
2.340819273987417404e+00
2.366377074975243744e+00
2.346691136274525746e+00
2.359883174210121837e+00
2.343692026852945531e+00
2.365579770347121524e+00
2.350068078082667711e+00
2.355625559891191045e+00
2.350578524811762549e+00
2.313053874246829622e+00
2.316698691812771216e+00
2.321699944296678808e+00
2.320189695063699986e+00
2.323828798170293197e+00
2.338726082299071862e+00
2.321309252691857949e+00
2.343551366788542367e+00
2.332109499827733856e+00
2.330070740392752526e+00
2.326325904259729072e+00
2.325804788170525939e+00
2.327291493504244357e+00
2.328827814144883490e+00
2.296933311680700029e+00
2.310061396817982171e+00
2.303597451177292754e+00
2.299654237090376085e+00
2.311503064760781712e+00
2.296084330609655666e+00
2.293945485747908464e+00
2.300291314177197677e+00
2.296517441495520728e+00
2.297515018603316861e+00
2.282455039618380255e+00
2.299267315974329762e+00
2.298051439844098098e+00
2.307316011890943486e+00
2.306891738487788501e+00
2.305502728281876301e+00
2.319382121133312324e+00
2.304821983180854517e+00
2.321939224558686732e+00
2.311199493552262396e+00
2.315658039550580582e+00
2.308819106787122877e+00
2.305928746051872480e+00
2.307694247073722948e+00
2.312970798273877193e+00
2.307149624416606315e+00
2.303812496315426728e+00
2.299897590765649369e+00
2.285092162386799686e+00
2.302148229683634639e+00
2.307642994926109026e+00
2.323651962446742658e+00
2.275939148474744655e+00
2.274002723717412522e+00
2.280263801019568604e+00
2.281613477103487497e+00
2.282479176420192601e+00
2.281667949718976018e+00
2.283936265336787841e+00
2.286674224997081950e+00
2.300865453593100796e+00
2.288065939308889796e+00
2.294052044496847742e+00
2.284372482916264602e+00
2.287263677121440963e+00
2.281268299483226514e+00
2.345579240205861282e+00
2.331390029393187291e+00
2.337241038788842928e+00
2.338171890047387791e+00
2.335566442196036263e+00
2.338102982342061154e+00
2.340477825960842750e+00
2.325173868072024419e+00
2.342884234791281273e+00
2.352678588497919776e+00
2.341945171692795924e+00
2.352751545501714503e+00
2.342675148082630443e+00
2.347669659994803482e+00
2.350290349428032499e+00
2.372551108786037588e+00
2.364415151130710768e+00
2.347679455738411747e+00
2.366670748173159922e+00
2.355676243038228534e+00
2.352105763074032296e+00
2.352250624754642416e+00
2.316678088127641644e+00
2.334625254344668832e+00
2.326240792396074397e+00
2.333294105827999232e+00
2.346293021533337964e+00
2.352320268889084076e+00
2.368086692092074230e+00
2.326377684869807894e+00
2.311172205512630029e+00
2.313231505914099984e+00
2.311009755378304220e+00
2.311918640706007722e+00
2.314631913956045395e+00
2.322257500142850262e+00
2.330203032169233524e+00
2.323265885673290398e+00
2.327487073495799308e+00
2.331226163301575838e+00
2.343055855964248479e+00
2.332748563978011447e+00
2.352322558113055351e+00
2.305842033459466478e+00
2.334966876426701532e+00
2.324990547512097550e+00
2.319561145981165140e+00
2.329069557729976481e+00
2.326738783063856175e+00
2.314364596411760289e+00
2.352904720862479593e+00
2.339720131206913578e+00
2.340224952414214243e+00
2.301564394053766449e+00
2.312065730726285295e+00
2.281899729878514194e+00
2.281489183579164859e+00
2.290884441340121924e+00
2.298918104752797120e+00
2.293987205624457459e+00
2.293017260441242655e+00
2.291812412891967909e+00
2.319453710843017546e+00
2.293472497600387072e+00
2.263634368609668712e+00
2.378274860231808674e+00
2.352823948556046929e+00
2.358666618116640024e+00
2.357768345295621515e+00
2.363829692023468709e+00
2.359623246280388997e+00
2.355778894470258678e+00
2.361495382753187045e+00
2.360142064751325819e+00
2.344620410946699707e+00
2.362871808159379583e+00
2.373673346821728813e+00
2.361109689344939255e+00
2.372631307092174069e+00
2.365216034705067472e+00
2.367250354508851018e+00
2.367531358538339958e+00
2.394763698356509707e+00
2.372166708094223253e+00
2.384114591815059470e+00
2.368159921440760485e+00
2.385417383979838490e+00
2.375417231930864403e+00
2.377889684740093657e+00
2.372387095257945333e+00
2.369741464122480323e+00
2.375718836250566568e+00
2.372062357767699581e+00
2.371665386714393975e+00
2.370529361621574793e+00
2.378814561000208272e+00
2.339020091513557276e+00
2.362409428776995668e+00
2.353459521594086112e+00
2.346395204756358766e+00
2.363531759176421332e+00
2.350251926928731194e+00
2.352893152421042799e+00
2.349223657490792760e+00
2.356732794966628575e+00
2.344860109687910921e+00
2.353487743050177272e+00
2.363683421803752793e+00
2.371901246851702894e+00
2.386901348992150673e+00
2.340046107677576259e+00
2.329627365460137156e+00
2.330611927450117804e+00
2.333109206313533690e+00
2.326289963002036387e+00
2.344355578262561579e+00
2.373009622943268226e+00
2.326932396568363259e+00
2.317300569429416868e+00
2.324014143332615134e+00
2.327406460776810349e+00
2.331819402227747418e+00
2.326212808589811942e+00
2.323185911724944930e+00
2.325766238371866024e+00
2.327754169619051794e+00
2.315006053004221798e+00
2.329823953438303619e+00
2.340318453086265293e+00
2.329149926281811389e+00
2.337692532181417704e+00
2.330967191651634352e+00
2.336452925359221666e+00
2.338470372265728514e+00
2.359416332256582649e+00
2.335915238857833032e+00
2.350115914290963559e+00
2.335554969258932800e+00
2.352683213004265639e+00
2.343842599799099702e+00
2.340450466329198065e+00
2.337189588052265066e+00
2.339594179882592329e+00
2.341646894700343040e+00
2.329320684543827014e+00
2.317679719716775111e+00
2.312749680619017312e+00
2.313161874527136064e+00
2.314859259237177724e+00
2.315786126734192152e+00
2.315885955471312485e+00
2.340227038962293449e+00
2.318653269186338406e+00
2.330373906466288503e+00
2.313131242098929619e+00
2.321242649677824232e+00
2.326064801032966756e+00
2.325740815971212072e+00
2.319131162835642357e+00
2.318062845922067794e+00
2.318682873414640966e+00
2.301374917561215483e+00
2.295758483024965102e+00
2.308127224136310218e+00
2.326532462120521672e+00
2.340034905625170580e+00
2.347513312580044698e+00
2.329901486248299847e+00
2.334163360048105318e+00
2.329711853435323832e+00
2.340149715663951469e+00
2.352733938738165165e+00
2.348654735317918352e+00
2.363484631986207063e+00
2.351130836851634598e+00
2.359526170066342132e+00
2.347726022005613089e+00
2.317185219718762568e+00
2.311257363907966322e+00
2.301201077141367790e+00
2.328898737964518517e+00
2.321462026291865044e+00
2.321326505142305763e+00
2.348815593610733998e+00
2.339120359301741559e+00
2.326174648437554282e+00
2.326071138911370184e+00
2.311506813463974908e+00
2.318980048518906045e+00
2.315142175627183718e+00
2.319859265380014079e+00
2.339925821849501375e+00
2.334331072378372340e+00
2.303853874091000620e+00
2.311736475663419554e+00
2.305458583826830221e+00
2.302640944731106032e+00
2.309634026977246180e+00
2.307662357798644592e+00
2.295646827091072595e+00
2.344959556796506916e+00
2.336508688812241274e+00
2.342838145769714941e+00
2.342570681566225943e+00
2.340668583207129672e+00
2.344947210872160070e+00
2.331473125989727890e+00
2.345560954573638668e+00
2.357230944989705534e+00
2.346013366244587672e+00
2.354868854032783787e+00
2.351527550157211266e+00
2.354655745167828940e+00
2.375895108382987786e+00
2.366492385290225542e+00
2.351958638708278926e+00
2.359576070377752188e+00
2.364743682356415633e+00
2.357288264684680001e+00
2.354163783918547637e+00
2.358579629154373691e+00
2.356115801923660769e+00
2.329453151410657341e+00
2.339743830283364190e+00
2.352109890028227568e+00
2.358338219101337785e+00
2.374771962908507561e+00
2.326616328332274719e+00
2.329679782572693370e+00
2.318128279443353534e+00
2.317050580028844564e+00
2.336514921781681409e+00
2.335170415547363376e+00
2.331638108146162125e+00
2.336064451824622523e+00
2.298230466060854127e+00
2.323446067952172456e+00
2.325232788905477577e+00
2.323859820869270010e+00
2.324940346494113186e+00
2.329900962844785539e+00
2.343607910686923645e+00
2.330953689007142060e+00
2.335587552596589234e+00
2.334762204380208317e+00
2.326963522158361997e+00
2.336116625066406272e+00
2.331892375031625164e+00
2.328884241532673371e+00
2.341231881385706259e+00
2.335288839609201972e+00
2.343067483675067564e+00
2.305121431288139178e+00
2.306102708258745082e+00
2.304019235702494228e+00
2.326597109528133700e+00
2.322779887946662569e+00
2.324408941752235336e+00
2.324620223449951339e+00
2.327110011465347128e+00
2.327462984683247527e+00
2.328647308088616086e+00
2.326064371103907291e+00
2.312893315409919381e+00
2.329413622873143908e+00
2.340146247343195540e+00
2.328561573776109839e+00
2.334972963121085598e+00
2.329965056882056018e+00
2.332854903220859200e+00
2.334683495843446366e+00
2.360210224389870604e+00
2.335953252346566700e+00
2.350291595649732557e+00
2.334965268474743283e+00
2.353351411565508755e+00
2.341111006722908172e+00
2.344801600821224241e+00
2.339235621184197811e+00
2.337126018778885594e+00
2.333829787992353744e+00
2.346143182505638691e+00
2.338087511204971491e+00
2.335896398345280289e+00
2.335995664144743245e+00
2.304259285961816062e+00
2.329567044551222210e+00
2.320321478591690578e+00
2.313463239910074520e+00
2.331036897625804016e+00
2.318463246845535508e+00
2.319594303918588452e+00
2.316099227757572265e+00
2.307959677485850847e+00
2.326809030088920593e+00
2.321199412003775109e+00
2.312550893463335200e+00
2.337847826354472858e+00
2.354540834090894208e+00
2.312022746943252827e+00
2.309915278173630071e+00
2.309530211414621448e+00
2.310889499520467183e+00
2.312060804253942337e+00
2.339107545504557351e+00
2.316498188034042727e+00
2.313674331405390916e+00
2.316831477001951356e+00
2.298769407430054201e+00
2.312694238864960283e+00
2.324123885056192051e+00
2.302407768122034071e+00
2.340129737041220181e+00
2.323069078807147747e+00
2.325705293680211838e+00
2.326629814620527981e+00
2.330235795973035096e+00
2.328768183628962873e+00
2.322754873319890834e+00
2.326257497484871095e+00
2.332256620318130302e+00
2.312690803763953085e+00
2.334737433044519861e+00
2.343913066342647511e+00
2.331836440687620637e+00
2.337770883621569595e+00
2.338562665932581552e+00
2.335065801399391461e+00
2.339432888193950788e+00
2.363544945398611929e+00
2.340527919742239504e+00
2.355779850926719377e+00
2.337045422233668290e+00
2.354971714824468876e+00
2.340780276515570080e+00
2.346626930029710678e+00
2.341546901572623796e+00
2.337515813921609009e+00
2.342891926502115751e+00
2.345526125027927122e+00
2.341545337544712169e+00
2.339187020980457277e+00
2.309016921994693661e+00
2.337921673901259823e+00
2.325124826546325352e+00
2.331889259932349745e+00
2.322698391398571260e+00
2.325988868840763502e+00
2.336972699584489277e+00
2.319949443399732303e+00
2.319016743740203168e+00
2.337849891747477926e+00
2.344059956983951309e+00
2.361881476871044327e+00
2.313801775911965564e+00
2.314832050635995842e+00
2.300599027641592187e+00
2.302139092831307465e+00
2.313327741406364879e+00
2.313307870757594031e+00
2.308278813668007245e+00
2.314754613875802391e+00
2.311062824749310352e+00
2.335133519533510338e+00
2.315673125293951529e+00
2.359563172866241842e+00
2.351122004073740612e+00
2.351028875991769240e+00
2.351836867113174634e+00
2.354482640555684014e+00
2.356345744240197604e+00
2.348848422545952275e+00
2.352066832890127301e+00
2.356748081449122623e+00
2.335809792639874871e+00
2.359054325018600906e+00
2.369344169620116958e+00
2.356059610101933544e+00
2.358896908109581858e+00
2.359812554368058812e+00
2.360878639731790685e+00
2.362511824076786837e+00
2.387125836800205292e+00
2.366856555888457336e+00
2.375480310410662099e+00
2.361187857718700656e+00
2.381852515994832942e+00
2.364595104097897860e+00
2.373316159521518642e+00
2.366653019427840121e+00
2.365572604299895687e+00
2.370868926967286683e+00
2.368272038736076723e+00
2.367331661766879591e+00
2.366772913070544604e+00
2.368260712791165901e+00
2.332400986554116429e+00
2.358988444737601498e+00
2.348789949737888350e+00
2.340359617104436296e+00
2.360917767622108698e+00
2.345261511269168153e+00
2.349741975180531739e+00
2.340499332853564596e+00
2.340288095787254719e+00
2.358420108954614847e+00
2.335145582300210521e+00
2.346855521188867755e+00
2.365495145958188772e+00
2.370631471897890918e+00
2.383508822826083673e+00
2.335974316357546599e+00
2.336466840367361186e+00
2.325586160006505310e+00
2.330539505849824167e+00
2.331914223399021324e+00
2.336190058034585348e+00
2.334299906595983742e+00
2.334741946816588865e+00
2.334482647055860838e+00
2.329433619073338235e+00
2.335166359629933908e+00
2.317112502676049957e+00
2.335526532587746118e+00
2.348277609188780701e+00
2.334367714563622798e+00
2.342898387827826667e+00
2.335733085087181138e+00
2.337580113165213191e+00
2.363866220846002619e+00
2.343656006036408002e+00
2.357100746161759020e+00
2.337408726676553528e+00
2.346148888308757563e+00
2.345121317987459264e+00
2.347854304641796119e+00
2.347255483219523597e+00
2.341970268642821651e+00
2.343370357505786927e+00
2.340998888354388185e+00
2.344156254440203924e+00
2.342819644908185950e+00
2.339485471719822129e+00
2.342599084613734561e+00
2.345187495006339162e+00
2.325565608055708111e+00
2.350002489168414144e+00
2.357595223698435660e+00
2.348538916147699496e+00
2.348903244617158492e+00
2.352005097796077138e+00
2.350426686646155616e+00
2.351421677695352486e+00
2.377732057844664126e+00
2.358242926709944953e+00
2.369653352801915247e+00
2.352931738687711771e+00
2.369472930066958583e+00
2.356168583793273541e+00
2.361779692084692073e+00
2.357327660241335110e+00
2.351343749451952903e+00
2.350973817406579514e+00
2.357333194007050992e+00
2.356426610770053998e+00
2.353468227183125094e+00
2.352947749738145689e+00
2.323321232384241597e+00
2.349055467056896163e+00
2.329166838494725056e+00
2.349521074114104380e+00
2.334928831220704382e+00
2.326005881799542152e+00
2.344365038748005503e+00
2.333347720532255920e+00
2.335237268958476164e+00
2.354631013466555345e+00
2.359074226216161918e+00
2.375970229383451482e+00
2.314783445037814857e+00
2.318857203976076420e+00
2.316177805231372844e+00
2.323277826016319381e+00
2.321148656486993644e+00
2.322435953832577837e+00
2.320869432466988513e+00
2.320009192298780221e+00
2.323555952239271249e+00
2.336855186086463476e+00
2.323196595968024525e+00
2.328453708217548268e+00
2.325844927166112797e+00
2.354331167549130299e+00
2.349198532206710155e+00
2.329657434183072695e+00
2.328078745885331813e+00
2.303351592216895227e+00
2.315343864239221006e+00
2.330229639826338683e+00
2.312657209964836369e+00
2.333160296456835425e+00
2.318598033576645179e+00
2.321070729624661766e+00
2.317576388400166110e+00
2.347899452217884431e+00
2.329506005609541575e+00
2.335699615031185061e+00
2.333741606286221071e+00
2.341674983903171636e+00
2.340003302772938554e+00
2.332911580490726777e+00
2.344762637771818703e+00
2.340071218509219619e+00
2.323823659623567295e+00
2.340780810368041642e+00
2.350072708207189720e+00
2.340215028981187828e+00
2.348268473869861594e+00
2.341968283322525934e+00
2.344514584753110142e+00
2.344973621129692987e+00
2.371714066320773640e+00
2.346636926833493675e+00
2.360632243612567294e+00
2.345861400026446830e+00
2.366438089426051050e+00
2.352846257686532994e+00
2.355741221810799146e+00
2.351844297904872150e+00
2.348788322518398530e+00
2.354744826375362976e+00
2.351326061447789328e+00
2.349183199224139429e+00
2.347077171349237545e+00
2.350673693113744633e+00
2.315974191936984283e+00
2.341028009889978279e+00
2.331354332985792865e+00
2.329923754688334014e+00
2.342850033904905871e+00
2.329300870415831781e+00
2.332139553555148126e+00
2.328246783580848245e+00
2.320153406673593821e+00
2.342196567501527937e+00
2.338918180587224782e+00
2.323598967859620501e+00
2.343369243052816131e+00
2.348743412628973459e+00
2.365450739212260345e+00
2.323046913951738901e+00
2.308736177024879765e+00
2.311361382201734926e+00
2.319976839745063302e+00
2.313967185950868810e+00
2.322357415928845370e+00
2.319931250714684978e+00
2.312758559354474386e+00
2.320629576553610462e+00
2.316482208244760699e+00
2.297601917331544286e+00
2.319680257367362941e+00
2.322859069086771200e+00
2.323998576075350542e+00
2.351313285847677292e+00
2.339054794092785272e+00
2.323217671945339902e+00
2.344342740294759864e+00
2.329420353422928969e+00
2.334358513330325735e+00
2.327243111237262241e+00
2.333585765050170124e+00
2.329702710422761669e+00
2.327048883779493593e+00
2.326901396589018844e+00
2.294763396735302052e+00
2.321709682536233998e+00
2.308603386444101346e+00
2.308737017789294299e+00
2.310806368152579893e+00
2.313860794153665523e+00
2.303480297072805882e+00
2.322841101335452407e+00
2.329318856598629139e+00
2.332164293890709672e+00
2.349401596926295355e+00
2.309937105169151295e+00
2.312944973245375735e+00
2.308535260998691996e+00
2.311046298493319995e+00
2.314105505790475803e+00
2.314788122674453774e+00
2.319506703486776900e+00
2.315773170625757160e+00
2.311141920295394669e+00
2.316475078297880685e+00
2.318022852015442226e+00
2.301103792066864884e+00
2.320904573041470798e+00
2.333120908788682613e+00
2.322559536895564491e+00
2.327189022737311319e+00
2.327228383091291875e+00
2.323847810777774470e+00
2.327056234966303094e+00
2.348947465145865721e+00
2.328480504541939666e+00
2.340396164441553850e+00
2.317123052909405345e+00
2.329656138319901260e+00
2.313399212690082862e+00
2.318204018337691963e+00
2.319804329389025810e+00
2.319432148151431505e+00
2.330700879790665425e+00
2.331305777947218161e+00
2.329546259836970279e+00
2.328192427605326742e+00
2.329007934468986463e+00
2.299706017103485323e+00
2.313398775496775528e+00
2.300618151760399854e+00
2.321077921320661375e+00
2.308849298649615633e+00
2.309739984492548359e+00
2.302248226457972891e+00
2.319843047503095335e+00
2.309616383476363666e+00
2.308311243629386666e+00
2.326694027014323041e+00
2.334679809174271981e+00
2.353758069867321723e+00
2.303208292486115027e+00
2.305403565836140700e+00
2.291945992021592104e+00
2.293471060595120292e+00
2.303654452001492103e+00
2.289313501859933098e+00
2.301944068523393838e+00
2.304098002873583795e+00
2.293472978247645955e+00
2.292965704900066015e+00
2.302218801550534266e+00
2.298251345356415953e+00
2.280361024500248135e+00
2.302163247621901832e+00
2.314387267729411946e+00
2.303384954652269556e+00
2.302767525055141817e+00
2.305296814472253430e+00
2.300598264317923025e+00
2.307467944194481646e+00
2.309964762507402014e+00
2.293584248585229801e+00
2.277873956224052421e+00
2.292241815545789763e+00
2.333117437622686197e+00
2.293741611669329217e+00
2.279137249462305448e+00
2.293352116092673754e+00
2.344673250136874998e+00
2.347127972226385140e+00
2.348530405842861768e+00
2.342278114082514406e+00
2.347195330727540608e+00
2.348223990823807839e+00
2.334512966746242313e+00
2.349869691917515269e+00
2.361201910510740021e+00
2.349883703701802773e+00
2.358453921673199005e+00
2.350726105414278067e+00
2.354807303391307727e+00
2.358973139160607246e+00
2.380490200617455088e+00
2.356674788889076666e+00
2.370817072814102033e+00
2.355474392742817002e+00
2.373614795447760883e+00
2.364002217424822305e+00
2.368851408239915912e+00
2.358866398734075887e+00
2.359501106296274742e+00
2.359409146407497104e+00
2.359269450249225741e+00
2.325455786587976803e+00
2.340276208959803483e+00
2.337459525841236285e+00
2.340643166406575659e+00
2.332149559868607724e+00
2.343081249946148858e+00
2.355645792621285040e+00
2.360326903206750870e+00
2.376876744660957996e+00
2.327503913507680267e+00
2.319226912845319788e+00
2.318524110907187463e+00
2.315412541282139358e+00
2.329310818721264553e+00
2.323803302741762167e+00
2.321833142224900115e+00
2.323558184793764525e+00
2.330242301122066095e+00
2.332363185429780827e+00
2.334423283466744437e+00
2.349946289099730024e+00
2.346807931783896350e+00
2.337214753922548738e+00
2.306206905541412056e+00
2.289208216050237610e+00
2.310596240979943872e+00
2.343885177730921754e+00
2.327312888010592218e+00
2.333287759040640452e+00
2.329082032395117352e+00
2.334491104482903978e+00
2.335907384950328236e+00
2.329508537503297561e+00
2.331991659956170082e+00
2.335129161119279928e+00
2.314038554899266131e+00
2.339954693278937015e+00
2.348788508481188586e+00
2.338175997124803729e+00
2.336743862724201648e+00
2.340509942230450946e+00
2.342276268204695810e+00
2.367218457846060886e+00
2.347287137109415056e+00
2.356386853606377230e+00
2.342478772560948386e+00
2.362300803132338700e+00
2.345569277794165686e+00
2.353800825958128229e+00
2.348385356696862658e+00
2.345663009452859882e+00
2.353739805055592882e+00
2.350024091015793459e+00
2.345970305442701687e+00
2.348622121468078916e+00
2.345109353268266972e+00
2.313970744119128398e+00
2.330804049292819258e+00
2.319932086396843118e+00
2.324885275685996788e+00
2.329843094274533399e+00
2.338295996087904172e+00
2.324046105705715348e+00
2.315720824267909705e+00
2.329154272803943826e+00
2.345975294586391868e+00
2.351956373248153653e+00
2.366105374854978294e+00
2.317517672840349263e+00
2.320016661886565856e+00
2.308101978229696982e+00
2.313284940566372683e+00
2.312457601624341663e+00
2.317840323892564669e+00
2.305035641100825927e+00
2.310971934049771193e+00
2.315457985412844977e+00
2.314964235383026647e+00
2.310646956304335475e+00
2.315313226040952799e+00
2.313836966038675058e+00
2.296174053725930975e+00
2.327459229430328236e+00
2.314566804770688435e+00
2.317417834398920462e+00
2.318793917168218144e+00
2.319234102404120534e+00
2.327454224484394985e+00
2.302290228343476741e+00
2.302853780158411467e+00
2.301003965102236037e+00
2.302642340210891092e+00
2.301621661886283476e+00
2.326269994314056788e+00
2.308223143303475666e+00
2.320646491542643020e+00
2.303165052252179379e+00
2.325547517553982146e+00
2.311810983896148031e+00
2.313857191856268258e+00
2.310581426747116751e+00
2.276680528420310878e+00
2.325606973529684041e+00
2.319705466814266259e+00
2.319103316385930924e+00
2.324534286904476943e+00
2.327041680897504961e+00
2.324188305370707752e+00
2.325390867381965876e+00
2.328897245184261777e+00
2.359057158598343307e+00
2.333721235066459343e+00
2.349164427957443735e+00
2.332033330389290171e+00
2.338866119320041292e+00
2.339402653473907634e+00
2.335285625646715602e+00
2.313925882710545778e+00
2.309484026388499700e+00
2.318158761779354649e+00
2.316303940440402442e+00
2.318825494295165157e+00
2.313349602400275984e+00
2.314063469006182316e+00
