model for dept1

RecurrentNetwork-4
   Modules:
    [<BiasUnit 'bias'>, <LinearLayer 'in'>, <SigmoidLayer 'hidden0'>, <LinearLayer 'out'>]
   Connections:
    [<FullConnection 'c1': 'in' -> 'hidden0'>, <FullConnection 'c2': 'hidden0' -> 'out'>, <FullConnection 'c7': 'bias' -> 'hidden0'>]
   Recurrent Connections:
    []

input size: 212
hidden size: 212
hidden layer number: 1
target size: 1

learningrate: 0.018
momentum: 0.92
weightdecay: 1e-05

epochs: 500
cv_ratio: 0.1

y_min: 711.11
y_max: 172225.55

train_mse: [1.0632081514991403, 0.022014459928476102, 0.015212544220276798, 0.013908627408785042, 0.01411067709313917, 0.013995656784245043, 0.012090480615312902, 0.012427562766651632, 0.011045663118304679, 0.010848211669307609, 0.010990012060865412, 0.010407751805601061, 0.010141935996180712, 0.010032222357033282, 0.0099765115144861086, 0.0092531261269534551, 0.0084859998531815126, 0.0087867784647632542, 0.0078115022600432921, 0.0080500376163245447, 0.0080056749006814608, 0.0074695710134361224, 0.0066383497351343822, 0.0065054351953382824, 0.0074449756106341842, 0.0072228920265822831, 0.0064450512817105562, 0.0068838688488987027, 0.0067564607355069771, 0.0059152261098633094, 0.0061443530730478594, 0.0064278223898162545, 0.0057079878632525461, 0.0056022854027132502, 0.006416633360371367, 0.0051403013868195607, 0.0059620807097051772, 0.0054105870006629815, 0.0056246266228122963, 0.0048395951750506965, 0.0046608674710053449, 0.0052498851410403462, 0.0050325524445336495, 0.0053627381036825943, 0.0049013743390260867, 0.0049266136005618683, 0.0048213562975442641, 0.0049996673976561087, 0.0049673188493789501, 0.0048067151305702166, 0.0047596919108109292, 0.0043991043471290434, 0.0045912533408361397, 0.0045978177771844207, 0.0041916289224464033, 0.0040683079345507087, 0.004256849882946603, 0.0037506954293460393, 0.0043214210340579897, 0.0041066700928749167, 0.004334999171532801, 0.0037424100996285492, 0.0036462963562833906, 0.0040809717618201695, 0.0041826299171494226, 0.0035375757525658923, 0.0031461750880291484, 0.0033355483370027888, 0.0032330476317642977, 0.0033965465714128973, 0.0036398924800629265, 0.0033157982619040601, 0.0031303265542934541, 0.0032865833483758733, 0.0032119747509243499, 0.0030523113771821226, 0.0028051984432192097, 0.0029807878899134801, 0.0030627267419626614, 0.0031227363009009535, 0.0027578087155736772, 0.0028292839462988021, 0.0027343541026994367, 0.0028188091825453654, 0.0024562412436041014, 0.0026774890290910888, 0.0024496879047005878, 0.0025178522727751502, 0.0024575121199316252, 0.0025572143440222399, 0.0022750788378414623, 0.0020529270642439274, 0.0022373012216769972, 0.0022148503838988142, 0.0020932159487998987, 0.0021309293850488033, 0.0020178763401952535, 0.0018690125442344075, 0.0019591418794014399, 0.0019302156683928303, 0.0017349625949984301, 0.0018679398820771549, 0.0017605583043096425, 0.001886462493791847, 0.0018780192306639598, 0.0016795412117222286, 0.0016920948064815409, 0.0015893653209124842, 0.0017337406976607936, 0.0016894702990618213, 0.0016274413152059166, 0.0016315649546104532, 0.0016189766327566991, 0.0014811039957340489, 0.0014502729735780173, 0.0013843414440451588, 0.0014350716215410127, 0.001408896610928049, 0.0013534089819162752, 0.0013499417264796025, 0.0013556801350629306, 0.0012395801669504893, 0.0013115997556425473, 0.0012279840320376493, 0.0012186130542901246, 0.0012121295922830251, 0.0012388407984906913, 0.0011842037404327427, 0.0011780224275975966, 0.0012217725746916609, 0.0011880536390715974, 0.0011108179436998106, 0.0011159696408384171, 0.0011427438889318579, 0.0010826537281309731, 0.0011148419170370102, 0.0011361833892126376, 0.0010668543206763925, 0.0010814470497486788, 0.0010948534675857466, 0.0011146604077094478, 0.0010842315356200645, 0.0010475660705817739, 0.001075725114479187, 0.0010291212683234976, 0.0010711077412754969, 0.0010486708619641737, 0.0010489245025532153, 0.0010218071267257805, 0.0010230122487555312, 0.0010119329752123515, 0.00097822306737307247, 0.0010231441907578769, 0.001028646159683467, 0.00097880707103408437, 0.00097080888810025, 0.00096775332447623875, 0.001028670214980511, 0.001013459649185994, 0.0009798659579552942, 0.00098932499106118188, 0.0010135490825405242, 0.0010047436154650103, 0.00099371796992812596, 0.00098270720640890276, 0.00097677007879934147, 0.0010017872508265838, 0.0010265024592255104, 0.001000946951967312, 0.00099394871881975343, 0.00096038654489412031, 0.0010242851695638189, 0.001039822951495526, 0.00097910259733347558, 0.0010355391894045578, 0.00099785947596573387, 0.0010501929628767333, 0.0009794801496301811, 0.0010178419295827688, 0.00099213054081366873, 0.0010004089712687982, 0.0010043630725221717, 0.0010112265769971409, 0.0010108672166014845, 0.0010486283161360505, 0.00097718578282544877, 0.0010005309767561106, 0.0010327895809728893, 0.0010057090542895102, 0.0010218552361525594, 0.00096823784356306775, 0.00099282895968303949, 0.0010326364079788304, 0.00098926793086710155, 0.0010077228113915344, 0.0010071790905000599, 0.0010185322576305108, 0.0010352514791071852, 0.0010629922460210738, 0.001042072826853936, 0.0010323160163159335, 0.00096071058473109203, 0.0010054200185904485, 0.0010481378395695887, 0.001031830965759232, 0.0010171246807925761, 0.00097313641317009025, 0.00098187574674445804, 0.00092168995568794833, 0.00098222985721850586, 0.00097127518158910005, 0.0010120990620426837, 0.00092681911034552585, 0.0010027881181842327, 0.00097617236252142789, 0.00097096779345983797, 0.0010056143162881052, 0.0010103103039238561, 0.00096216469784699064, 0.00096901682587177641, 0.0009387232168686278, 0.0010047048448708555, 0.0010144550900074243, 0.00099588331649135865, 0.00094983017240512244, 0.00091982434522954685, 0.00096000480678380175, 0.00096621239541092464, 0.00099988234961403792, 0.00093548733603045242, 0.00094810293188303573, 0.00092959767391372506, 0.00096049179006817609, 0.00095124472453464557, 0.00090300177327626904, 0.00097113482568808704, 0.00093187344042450985, 0.0010176275930500567, 0.00098714226200734452, 0.00092089948982070058, 0.00090686830350303305, 0.00094714106444912624, 0.00098519978408801801, 0.00097809416589103798, 0.00055945481572385351]

validation_mse: [4.019723123956501, 0.11004299712795068, 0.028333397762960118, 0.012894657314302763, 0.0034157748226818063, 0.0036059117453908661, 0.041700047583395988, 0.0046829192824656245, 0.0055201124836524729, 0.021184293790376157, 0.0023007583843861036, 0.0024466613037243006, 0.0024605863420447942, 0.0059835652634828802, 0.010285472328224077, 0.011138146840412625, 0.0048973125676603484, 0.021785008349998761, 0.0018900877613111753, 0.0058276114091133568, 0.0059137321171482031, 0.0039350894993426316, 0.0036926576013745042, 0.0021832958642408317, 0.018162439005409824, 0.0023629489698567051, 0.0021458401436129713, 0.0019893531591122218, 0.0055321683895728502, 0.0048948716669453534, 0.0021757894691220047, 0.018789992322122386, 0.013689853914356809, 0.0026652727718534247, 0.0019699975105478616, 0.0015962624343539163, 0.014133458587306805, 0.0036213496882558029, 0.0048484172733772972, 0.0050663835538321492, 0.0045064736096266361, 0.001478211860230371, 0.0019435678960604884, 0.0019906944036816874, 0.065806432364599238, 0.0016859159099220219, 0.0046770386748912806, 0.0014172005596402081, 0.001906789958359089, 0.001398941909822644, 0.0051657472299525675, 0.0037278126406737307, 0.0020500487649417064, 0.014602628549508738, 0.0017758160888270587, 0.006414999784483036, 0.0013828608829381322, 0.0017236801347166875, 0.0017083486692843798, 0.0015739628577613445, 0.0016656452020511938, 0.0013960231337662289, 0.0018072431352432891, 0.0014973028838134866, 0.0016951876235319406, 0.0014492523944864227, 0.0036034398170332687, 0.0017664585407543868, 0.0048702156945754716, 0.016068573763396616, 0.0016423472477125531, 0.0013651276533016799, 0.0015037095357873409, 0.0014927746580339, 0.0022428428737841697, 0.0022975327168303595, 0.0020715205928158275, 0.0052434842054813555, 0.0022280015553380978, 0.0026117264439426717, 0.0018966192482620444, 0.0014750548884248081, 0.003161639346133234, 0.0012034784225615578, 0.0040137559402720312, 0.0024850301016057902, 0.0017151738377359329, 0.0018745066887304251, 0.0012013517306180296, 0.0015236050496661676, 0.0012101131658875633, 0.0014672148250010129, 0.0014323140015496936, 0.0037685545756825779, 0.0015227052529500043, 0.0012233935757548309, 0.0012249705500730098, 0.0016067463129384786, 0.0015039404200333896, 0.0016029679054209757, 0.0012061440243792401, 0.0074263413479657529, 0.0016633748530052775, 0.0012736442318235521, 0.0012195634341313542, 0.0011655338188839488, 0.0013929997311877037, 0.0021659633796989397, 0.0011750771798756943, 0.0024085614051915722, 0.0012969282860683705, 0.0037503772247358311, 0.0012250840750611736, 0.001173431180194025, 0.0012650278287265509, 0.0077965326580240555, 0.0019224121257419009, 0.0013764715595306625, 0.0011215832504810348, 0.001379041479642779, 0.0011008274327069471, 0.0013078685464522498, 0.0012958751227180466, 0.0010778242254465451, 0.0011496153855381811, 0.0010082482076163421, 0.0011823820678423429, 0.0010437694389711814, 0.0013372340104690556, 0.0011854067223199545, 0.0010863155166979967, 0.0013052742308354757, 0.0022431956140875117, 0.0023414760719551856, 0.0011244467229591703, 0.0010303258160164921, 0.0025133077749254135, 0.0010364314278908261, 0.0024098995074949559, 0.0010616579664660571, 0.0012154829136361237, 0.0012216568871640542, 0.00096521299955580348, 0.0012955289754349184, 0.0011306748298779243, 0.0010754020306352372, 0.0011188823567165451, 0.00098913253147837974, 0.0010631856459913517, 0.0013849945649682021, 0.0010373940366550881, 0.00095466949358772289, 0.00095389919707114968, 0.00098364954535122258, 0.0010539870704694575, 0.00098519137511847259, 0.00094632627362011197, 0.0030199192650860606, 0.00099886553438077947, 0.0010096293865330586, 0.00098955590826450509, 0.0011469553346345075, 0.0010634257210989121, 0.0010227134393364218, 0.001182805344133428, 0.0014373478094725656, 0.0012251278974966138, 0.00096321058884435982, 0.00096492402544888056, 0.0012014853759352961, 0.00093677364072305167, 0.0010367585457293821, 0.0019232009874497152, 0.0013750674834015894, 0.0010447167935231675, 0.00092544391095541643, 0.00093152679754923142, 0.00093057360874787402, 0.001778652465387578, 0.00099729913883443884, 0.0013784539044368388, 0.00090923869645773289, 0.0023845940704317189, 0.0011604662493019809, 0.00093114535902245226, 0.0010610192981467925, 0.0013692229542370204, 0.0011611817262073829, 0.00095844027051838533, 0.0012053953191587122, 0.00090367833934887581, 0.006023060427465525, 0.00093541549424623865, 0.00090574356033218102, 0.0010402826307901955, 0.00089469713515341761, 0.00098663321641663179, 0.00098486183371926622, 0.0010223098311611444, 0.002470260957584782, 0.001486248306939104, 0.0012541814225345421, 0.00086743245821095888, 0.0012026819545104064, 0.00095544777532483233, 0.0016324248810927393, 0.0008789755777391079, 0.0039634623264739929, 0.00086682495135337963, 0.0010522105070911066, 0.00094982825037654664, 0.0011882258542344876, 0.0011336888569121639, 0.0010876795309802646, 0.0009088048735603222, 0.0027907924729001876, 0.0009346590586838796, 0.0013131182001253959, 0.00099810673426835653, 0.00088051464392606784, 0.0011825929344067747, 0.0012245394177921585, 0.00093993923599899193, 0.00093232582993210667, 0.0018014083688176205, 0.0011557888060099227, 0.00086210449752560561, 0.00090025674263220301, 0.00091021369147855366, 0.00089749824760824255, 0.00097773264932084019, 0.00086613651555416402, 0.00090932719543261381, 0.0016005418324387152, 0.0011518706748389262, 0.00091551169757715938, 0.00084443022676488678, 0.00090948381980388807, 0.00088718762266907407, 0.00092299706590095976, 0.0009857688009787069, 0.0011105219795998736, 0.0014519878901054549, 0.0011971029055303367, 0.0010472323571416088]